39269
123118
348126
234112
27724
910744
190648
236113
146030
682337
254287
446105
117880
510713
228762
197191
777754
163946
520276
687621
194589
136552
289265
131637
909089
709137
661099
273443
760183
818859
697359
569768
768280
946785
632120
143778
696713
696079
127540
203994
622509
219716
191265
328829
189561
531094
608502
252334
541745
741016
394767
828729
919298
324585
413669
47512
831624
128750
799225
734899
862886
954886
793188
113187
389512
556202
85369
867872
567946
224540
872611
497798
987111
40574
752111
268064
266719
278325
230753
581016
311337
25010
914768
367821
897912
688157
456459
166691
218690
795999
214932
857186
379429
199091
807244
563776
659114
674909
649319
120354
508666
698576
539424
386976
693271
579618
724609
912083
881892
742027
826645
131172
213585
406686
792887
77671
226698
559547
648011
298660
8131
134275
109315
824249
260076
260144
785146
708482
840914
460760
978502
927211
455122
607086
16176
766411
697523
791011
445797
355909
156457
761932
973428
318040
472380
150251
633166
156354
863828
634222
548683
504500
409842
185059
94154
752583
584776
61880
720223
480334
359760
134013
864381
398676
554666
936423
822127
216554
682244
527022
888726
676266
598700
342287
909523
359220
790327
857684
32310
669876
744226
862475
243639
865247
633411
892082
141737
960600
518454
526705
525417
744956
577736
67615
658348
678325
267961
396957
755804
959348
47351
132293
864572
150759
24297
849088
69647
381686
958164
914969
957894
329423
174074
674391
428698
38767
575229
371691
605152
489952
149529
719258
54567
737832
611728
175661
884954
500304
387592
19701
18702
486405
143169
22973
346950
679751
888267
197025
764274
89483
514937
931644
613271
893008
65966
428105
999999
200467
735602
701160
898564
201140
127861
780877
552315
231407
605742
238063
709035
871515
34184
283038
995360
323967
429432
377531
702895
217979
58297
527040
953066
312623
581061
612569
379229
572938
292803
590664
66787
954503
101663
103452
756119
662905
451744
947113
587046
36534
900105
387440
427581
507260
463483
169661
437000
258288
559699
867278
872141
420344
505753
971268
334141
619379
599633
938485
709171
782000
493180
682513
103962
687686
205856
496615
509354
755326
478460
582301
328696
702525
621755
644072
400942
251817
950994
988807
304742
268787
602644
600330
456745
548728
861748
959732
89365
229594
726328
318481
528541
697464
577905
449912
468015
742805
183832
723161
513716
819768
423772
148720
477458
396014
887482
768656
676709
522481
318337
771937
44649
667576
753640
29742
441183
4163
901228
742997
109254
346964
972641
278422
988694
799424
16743
763689
955018
43091
923219
415237
769145
824696
183434
614054
388210
716728
786307
620843
100264
447479
164697
214672
725867
809884
953889
49013
625729
202669
733034
139
941039
668173
161025
651913
427637
990
178301
443242
393152
860412
9702
688720
121750
575900
991117
101196
805903
661342
950650
633636
959009
406217
114562
481619
59956
938695
886907
886517
327552
911159
674836
506705
843179
769533
755070
672744
828961
921078
917799
544553
952708
608336
626738
356779
613631
931038
593706
662460
931858
333977
277858
887227
971076
784216
917812
768331
280236
86784
914470
485099
741105
649638
494532
766794
729338
69135
603865
410573
616540
795414
439384
494697
314672
360298
505544
144523
582819
222738
52032
198669
714523
415618
804441
916915
307442
118200
110
708053
43577
138045
286779
380526
836763
414714
603986
619170
503889
102573
976189
722539
551049
868935
911820
392574
222681
70882
276617
396135
806141
255376
326922
496368
141064
474953
644147
755142
357267
933556
881647
593816
243347
399311
817270
201033
86146
670488
845460
617082
430316
492627
633043
88146
556
515811
178461
82392
787253
358850
191651
839137
715317
223732
394524
624821
739377
279709
650037
690032
856213
609832
57175
784525
515470
703636
10813
262498
255411
394803
873238
729905
952618
561792
271580
188347
895100
543932
72260
290109
278817
229236
404882
117646
796068
846737
203572
513362
42320
294387
66940
579955
307673
185984
751790
424825
910823
984285
295587
874458
70657
623065
421457
655258
950023
271786
868431
266779
117375
66942
363860
669982
823785
241089
455918
661283
961128
60814
448
890465
211543
40208
61725
452236
97623
585813
808096
880559
718951
997356
499897
632143
705161
232597
921011
292487
669689
596538
158439
572359
945076
528330
459267
132516
797960
79513
836887
657577
904893
299890
855261
275876
708888
264728
554488
514416
534328
8408
756781
577262
616169
157399
347867
839125
311508
986772
964549
70317
121351
909394
454329
950623
257408
407948
16958
242230
438309
655767
182080
867089
302184
65980
604261
904298
553387
115784
319526
521446
304530
911741
99050
771446
705462
921063
644415
924912
846522
26540
416512
484357
849894
16690
113630
877037
217616
381951
910747
772362
994664
887027
606721
115317
889410
51823
144683
123781
847101
351632
142044
508329
192476
698391
361313
99462
293469
690852
840190
915541
414288
20082
102147
268504
586583
721319
132958
462032
437749
668589
166993
91392
927105
567233
276554
895892
322481
328268
186786
889523
724760
193877
144894
589441
223222
67399
393856
349139
627041
713845
379042
873591
669174
402787
86826
239264
489550
651764
439548
899123
701345
1273
213127
762200
414509
876070
655908
225420
53952
816507
482168
129339
54058
744381
968658
56383
274190
245786
149858
955152
359875
803403
359674
240020
333819
585827
88787
862539
214133
938937
559594
365177
335375
175801
954264
301660
465243
130807
650095
596176
111955
112604
106303
644629
394142
209598
988217
359844
797644
303816
121654
322083
234573
727221
204294
464023
423674
278169
75767
676925
150372
754440
163380
451292
225812
137035
353168
604075
677094
410697
782056
469751
354009
706053
69375
747113
616253
770976
86408
615597
225012
437575
648681
840672
66455
800050
447876
253040
930851
634743
783707
715017
75637
582199
36695
139173
299106
756839
132096
773975
110292
298528
29413
896437
524525
29715
880617
971139
846840
677004
620929
534906
148061
520063
882388
810802
330462
787930
911978
14705
239261
273478
229699
90990
915428
751922
193794
183320
285242
492394
417572
324761
577781
637853
522729
878353
400659
93480
740851
527659
927713
17846
734871
344781
363316
764993
168570
605427
990131
31802
977714
615448
901045
315338
703916
170837
708804
614067
944370
429782
382565
344552
974894
356733
14872
432048
23296
234355
696036
787128
712392
750422
731602
405389
692367
636821
789193
973182
812614
518622
844989
616503
314553
826844
845906
627228
647888
207425
609947
71957
423968
290762
874474
349081
579000
410078
993095
765783
104298
546057
767067
456672
688586
978685
642589
901544
299647
327687
681834
825931
998755
880517
798289
351626
346487
60396
736974
398942
562655
745017
597459
898748
606788
605949
828468
938599
395052
695367
627274
408855
946418
348560
928245
306604
216839
803915
102020
395744
783914
935642
474563
664087
874198
636726
573073
576663
294128
940442
642149
814639
280276
71964
665749
3634
411947
362098
65506
197143
153142
164770
595196
420306
356102
102822
648264
439754
386854
996834
316245
764360
762034
545590
714186
393911
813762
820300
934473
506415
454976
929805
644625
64798
896733
137200
673733
423526
256401
659901
645263
898694
120713
828732
266207
983744
696151
655219
611712
511750
384315
790615
484038
399675
281088
762371
533403
464561
413839
92240
800837
748222
473913
249942
836439
612619
882512
916008
42159
519537
62091
893821
635327
880940
392293
863327
379267
940538
812009
87359
467866
382501
458166
820193
214473
657182
40232
322854
67295
551442
979046
866795
334690
216251
404202
465095
855853
459374
127169
194772
971668
848062
38040
454575
410220
950817
431237
316234
133345
531978
343136
958801
522247
233605
344976
62260
589744
479188
426342
718052
135523
336392
617659
870988
960273
455907
617596
822290
612162
76611
933382
335810
935121
428909
539055
398759
193874
784436
661336
93410
838250
933708
163831
904898
266145
921118
80732
475381
953919
610143
786948
840361
840552
504413
399860
889770
686705
914413
573318
733573
956348
547413
122284
547417
862111
324721
865853
932736
744882
489932
44133
14092
568705
489942
403942
802440
382643
654307
776466
173110
12813
954733
744558
72904
414053
648031
416975
16031
123639
696717
381290
237169
788669
656649
552458
40201
894833
901832
271609
859012
33897
251993
305259
795439
33246
799722
495333
253201
35153
116960
630768
579920
19354
796694
637587
737289
858411
134756
282958
56107
622302
658506
821754
422703
903645
767006
216884
55718
864294
293777
700838
42904
92377
911789
782966
319302
612726
10801
231988
799305
438732
517982
902424
284254
272834
964794
496315
956287
146481
284677
820830
362423
65949
474280
405526
820732
239982
26947
9210
979321
353715
378205
553168
425034
784343
421753
3809
486962
262152
90323
65690
165353
70552
390089
972430
773928
336480
98525
431628
676079
759876
77989
627993
47781
639687
729028
997498
225865
184667
142331
302361
682276
688000
57868
212639
775440
150064
392670
626870
563105
948441
435374
544691
439011
593735
89037
65447
799149
668910
129179
800522
698904
866865
398982
110989
974429
957933
601609
948770
841570
885476
162872
596925
55683
120644
79892
494233
583164
913156
6297
538684
953780
219336
258243
241659
40130
24952
252941
41644
998518
594891
845582
907458
584743
795695
334164
678772
935521
941153
842633
635287
174372
161114
203472
485115
11831
718765
604046
406371
928062
398169
200793
741419
697392
546522
595087
844226
168178
931068
75992
808891
250089
882821
196973
596049
864179
208166
964649
777354
518381
741320
147580
623565
508643
495649
725220
103460
718617
479088
182155
28033
903238
3463
811285
174797
296284
183852
121656
167934
521527
113141
221296
14306
141451
450516
937917
537903
654839
452345
811506
111548
877233
207300
770714
348886
803072
552562
613021
300547
65071
532414
96313
782669
237391
618076
614851
800088
663251
746578
277558
706196
667498
688063
137415
566893
796997
166798
617833
260556
276495
936004
327261
810888
414303
24149
361414
659825
594625
841834
752131
402588
716867
670474
564606
599610
606946
383158
254640
240485
470174
144650
386182
808586
925045
779609
699637
85324
866290
512336
771427
595314
372091
462964
696811
155030
463873
347084
467644
13189
41297
719291
768825
816766
707029
616730
113034
382715
66543
115057
636947
193096
607171
799745
139204
313826
78075
602240
416173
766375
657031
952648
955091
567631
748240
740285
740871
941031
776972
735841
64685
912806
887487
411459
248596
176723
498471
50925
635417
352209
865918
92193
7388
496318
661513
659730
385716
838573
648867
573334
316773
134156
676311
732687
551899
790216
829863
258836
417310
455611
603240
471342
68303
558520
625733
81651
745183
279133
751456
746408
311162
372931
137231
733087
651219
915297
213993
925187
632401
808867
962188
427221
590715
932978
544912
546100
106795
111982
551984
714858
477339
496588
634719
208114
896064
353154
145778
173892
898493
334738
128292
70138
456850
990122
255450
15455
959839
770411
999781
908021
686486
390377
424801
117364
654222
597078
275526
169463
525146
188384
497394
439643
719239
348013
664637
751121
158919
553215
398789
911194
332821
167510
796469
881369
362894
345679
504750
587143
240995
265894
9732
163644
369705
679458
432043
790691
493064
198841
220290
903838
652474
490045
248618
689358
828560
493985
41912
52491
700850
728666
889138
679743
528217
242324
504607
784649
100859
159418
484346
448949
985857
21481
958251
64040
529471
436230
96965
867864
511718
571430
304841
289021
753019
809209
846309
290738
711902
290911
439771
494499
28966
602471
758537
31421
290957
67013
950599
229937
362893
918662
621347
278541
952513
394252
613710
949302
571467
449489
636067
132562
405636
139897
827762
805155
771082
447855
902247
272886
511953
755702
75309
776747
285623
541131
31655
234065
705742
243157
303110
266130
392619
245068
654485
385824
762880
354404
874068
278918
809963
565806
45401
718637
171253
817184
858322
508000
551770
494274
70299
112758
824644
807121
448047
380417
50638
212886
485557
435426
259685
165157
694916
763804
689880
188971
653005
739776
304446
910173
604445
795499
687191
879793
513280
391294
370795
337757
41240
705030
857490
411337
575805
165325
292124
914330
617500
50323
882784
913302
454853
768149
349114
176448
804881
29373
96544
221039
752759
510799
630213
705296
294821
787945
120997
347251
605030
525136
829162
292155
824728
948378
802026
645098
623441
89338
423338
336367
630107
727361
535314
370605
492873
822825
987635
256372
222992
59022
774637
247914
630098
596928
583108
294143
137877
404718
312924
419722
330732
653623
572809
156146
754100
674452
695062
704225
277976
974191
249011
437975
934071
249965
208641
462227
67981
138689
689889
880760
287679
708600
790055
934548
362977
678187
846696
486554
19595
328872
52501
307830
121229
915184
824603
715434
135515
646179
443522
460990
128619
572128
202523
763325
413497
434298
213782
403938
465531
881532
187815
574929
760186
239369
396730
122958
102041
814100
176309
22866
726853
191788
176327
152017
488534
815311
273857
977598
259075
217258
326268
376889
549958
85885
195869
836715
956451
546540
620071
649131
486376
41709
65519
107614
663807
256528
532371
128063
417540
651638
519534
528994
979593
81456
870973
543005
202696
974051
177469
469872
568614
913842
182440
115024
347509
838123
764964
255913
876842
571699
758949
971227
555223
251909
990441
864194
366426
373709
640792
729751
20171
657054
191774
45678
795317
388629
453952
846862
850991
465668
475926
966366
213957
818712
529141
24865
784127
523913
413490
818828
851185
699743
673980
75393
727615
587391
297102
335026
189275
68164
62266
479964
648974
500359
580124
507425
503972
720611
47002
216919
858384
710017
652751
278219
786602
572068
205438
816338
619507
607846
970936
808784
621342
969703
73458
194262
268046
5675
982628
925857
733389
196530
647884
771894
447696
324756
800592
612710
476388
808488
347619
946569
853874
68507
61190
549753
452244
48725
385912
28703
116025
816570
337725
336457
408145
733623
827741
66806
858011
579804
285698
608159
651171
666997
671402
424259
457923
907895
176672
646974
467467
17454
318357
829620
46663
533106
636486
105854
296163
230931
129907
857279
83709
67886
704816
55134
725989
997660
302671
613055
109854
887057
932430
829969
438000
609384
374882
10878
754088
254506
386479
293787
317935
713860
781668
790579
641761
757100
112935
511457
945887
387086
164590
967935
161870
331547
389442
100359
796731
946399
421948
952043
759382
113995
885245
290413
69255
521199
709189
265108
19179
935486
482388
836514
1077
403478
49151
984216
339039
240230
94832
923382
882722
823254
169867
203494
703157
35072
823859
626346
419896
762622
278233
820813
933761
436780
361454
739566
842659
522029
362185
524657
871555
62196
180274
881776
571054
423294
940889
764346
929811
425391
253198
877430
65933
986004
69466
135019
826470
753430
508536
502569
175407
493273
836743
571665
360261
457694
870675
803254
535797
436782
733545
78122
62110
219742
11541
149631
933684
178944
446961
444011
249388
790942
248963
548517
475906
664517
840028
748510
2439
411788
591732
249419
240747
360388
54030
254985
927128
459286
683219
831042
570481
128068
645910
504516
656601
255220
694806
730652
711792
722531
581938
417894
380125
316661
583271
100337
604742
610009
124095
872468
644406
613021
205631
343885
25613
894838
115917
608162
400093
100743
533932
345395
390092
607055
647094
887748
323317
329681
994308
105667
510038
776607
608132
667610
599168
405408
209009
681473
461524
684802
854157
46235
250089
657626
363756
501918
443694
164353
742018
512382
860043
742437
735189
319029
729124
708637
508573
500963
392377
37075
219398
659048
745169
442829
558434
947349
376815
438732
991324
652907
4460
684604
507617
368174
386927
913696
439650
470901
601777
889149
3072
981515
945449
569646
79601
116997
334988
682065
53834
70639
846901
673695
685369
769266
835953
624323
22205
614890
684831
332271
889475
741981
898966
676722
966145
114120
70472
715588
421961
967210
80593
766631
20019
637627
660418
410118
502297
774407
589601
280060
58925
726938
551382
409879
669058
898455
396104
523406
447903
85174
825687
206081
411649
580743
925149
696444
39316
682271
364551
659797
905696
611309
871066
65489
111137
147055
186859
400594
978029
975522
326759
815828
593374
62282
232913
915758
160449
752311
464166
866593
278404
84563
370127
777377
690189
97867
87786
405773
302599
597568
608802
609714
849674
624959
695120
865338
834392
226847
999196
79915
672174
582322
842372
928790
481288
740507
808432
956608
145916
830705
543439
223930
21647
469962
242566
80497
597539
675924
145111
431867
470926
967881
372855
556926
740099
899407
665320
898513
346303
907496
489269
468070
316134
143735
626371
73815
477474
720782
301410
936179
569448
500160
929246
736423
506679
222922
481306
586470
776440
48083
448549
740991
399904
500121
193682
588025
729728
296991
591538
121763
662239
240348
934308
60064
235023
9698
29486
986620
813523
432406
836603
442269
36635
806268
827153
216211
849477
657580
985140
620475
850430
978221
18989
914696
902740
967995
134474
713372
296810
549091
257080
330627
957577
805267
685870
472231
259289
309364
348851
861543
884047
232682
423822
398759
459543
480453
42796
306000
32383
654244
82375
980739
719957
194399
271125
300206
318982
479720
615182
568558
238795
176525
450295
436850
606888
580887
716890
756553
70947
716995
350923
970825
130748
266067
94531
564392
171866
9343
730630
664615
343330
624931
765275
668672
100163
119857
587864
644292
554657
192492
357672
479213
412448
975846
440588
8883
607442
675257
980361
958372
618588
939855
541553
418054
948218
296894
302533
423522
353
940124
923189
258991
637058
589670
175413
965910
875311
785960
455641
154826
859231
763646
324369
758377
421035
137828
229117
903372
248759
18626
341626
474188
358354
328575
41815
183399
80019
130777
729355
245972
441134
318078
190111
362923
646564
37714
275034
372787
680919
632985
147088
598385
343800
514942
169972
32772
793436
274775
845516
474987
172569
769849
349696
176384
766749
140679
487622
10624
668403
58618
828007
349907
539766
140525
419592
348733
757988
303646
696338
463679
95
615893
763819
398978
769307
222532
228665
377236
388948
695537
157429
976916
378339
27940
789842
655367
375782
198574
30385
716959
834322
904717
997368
843003
392989
186625
94012
33058
211566
296992
230447
780424
217696
627540
186811
715893
112070
333957
920881
791848
396938
967704
465040
429255
54006
892127
826141
693525
361041
624875
588156
47355
715484
137808
41852
288651
561151
735114
183421
327217
119035
645065
941467
398638
160546
473396
189526
819182
109577
432196
735630
239436
417168
242282
540934
165572
670233
840684
473990
773978
264827
499955
286925
273325
584592
330639
149064
739410
929132
313220
185894
837828
76140
132065
263123
431299
449959
397268
881563
306420
590785
71052
937815
689388
913476
973888
357207
666902
270664
911430
61030
166514
143860
350834
820761
111020
413213
393731
708760
289822
929227
875041
984937
411594
839367
725893
48359
659533
992715
106211
155145
561427
170311
899141
576492
873961
796753
630400
228632
648875
978081
851727
400860
908485
876778
79868
208494
602338
837307
193033
328331
581868
261881
732299
472999
223466
339501
437167
978688
302774
187230
595848
21759
774252
119688
577795
952482
154495
19970
580137
908009
350739
381515
579922
638230
424890
253901
351091
80747
775240
635878
372136
388890
651999
176145
8191
886005
810815
910564
327587
359215
193297
453150
748336
859647
687969
887871
337587
511199
380880
779061
424350
571455
451251
851023
587443
103633
702365
564110
413488
607095
73742
741958
436916
318404
338961
488295
683437
766700
20245
662529
606082
42788
178482
617709
841271
960246
831363
200179
810761
507227
582100
896015
818721
737582
240364
998886
688553
997708
360014
79897
555477
893938
842599
876887
169473
124975
426411
359818
446902
821493
474319
135350
17823
720795
105950
669674
971749
496089
868905
883151
88226
60983
190154
146343
350606
796573
415038
690536
714024
305179
129676
909970
894879
922986
743824
720176
424431
526754
866037
936246
205677
856138
597849
995012
710421
916382
513475
438509
969265
958198
332628
239793
548933
235551
498278
416996
859247
387970
565245
75504
69628
716256
664654
474463
184551
507717
896586
129983
678256
820938
461765
365235
47134
137602
642199
788320
440992
450868
298706
521994
480776
276271
811635
256858
187233
412109
874197
62897
322844
776089
818017
690415
172571
571443
777649
502657
512836
940381
923672
402830
382418
107963
120362
487863
559577
350284
981909
540877
330684
939629
942787
246290
526581
764564
704017
763823
837610
949083
851227
459225
477843
155911
673377
60747
726105
630173
300559
362363
792589
830020
513579
766651
601822
675768
693628
406346
324748
186075
995689
180711
204963
749493
712196
626539
825505
527959
143170
86622
443591
727746
447880
684584
253986
335701
952370
872916
678599
138622
903856
991068
35802
882698
783777
613437
323537
550326
956936
634897
788952
677930
288438
47709
257870
806093
277267
435775
835550
156042
853945
309973
452158
944981
392748
539121
728133
736919
167235
686242
597906
943855
546305
604124
786689
685218
158794
576079
549361
988228
674484
505513
662303
300313
264339
868432
648649
442154
527392
997780
34936
44681
564516
721762
601062
299254
594949
558861
719872
267716
72648
991720
753894
741366
582217
625436
6404
595935
914576
184661
532169
198257
494028
605578
175369
22129
717125
87637
53047
958479
992811
323622
339582
67755
740442
102050
475155
818876
81097
872887
238507
208044
114933
678164
901643
37540
292175
398141
871579
435177
194211
652418
750787
465006
611375
785190
415344
153009
401274
631126
565622
749165
845560
587551
671802
84390
95850
590690
781637
841092
4576
529492
254001
774271
170486
351783
723263
325653
104584
174837
695566
723055
22399
514055
255668
879177
800050
624632
2513
279114
126097
305359
850409
836529
535933
249263
808398
352806
732017
189446
151178
844882
398191
658361
377867
949224
727215
243961
674133
701804
592435
214406
797638
586663
181656
892348
850665
289646
757393
918434
51968
47007
506208
380800
561606
445505
2409
40792
124554
14504
703663
502926
347487
350198
256208
531938
249558
145755
481485
290712
152347
231296
76025
392701
340452
55265
892471
882210
516447
357736
955672
736534
720827
40027
210272
386222
704552
631362
357223
888744
935632
416276
36250
187472
811054
5350
382281
936069
722303
161374
210915
905981
87890
864024
617428
307551
893099
251953
115584
116433
983971
588475
430918
701934
876241
707264
338665
842261
507293
33515
769364
785144
826635
854568
633807
970946
260528
612268
658872
404031
80578
366794
942570
830308
284134
701194
574320
956679
351004
101170
579339
542579
311294
879055
179947
36559
156284
623717
673546
345123
611797
301755
280809
548829
538245
787150
681682
48905
21442
63773
551042
502618
879137
66127
952312
654628
37757
426597
678305
663398
340107
105238
93624
213738
166873
46137
685068
308328
615363
330675
938232
989014
643552
204519
376750
146432
359747
439181
370256
641463
980475
629363
704857
195157
651092
570160
68944
699418
887629
374468
409348
78043
184817
819572
696038
898151
147519
615511
531240
749819
551610
816946
614367
710428
912497
53405
513528
647511
669297
360297
250164
692299
538806
7947
832438
924589
374095
769981
235763
774947
510097
685356
181310
956467
81407
90007
646556
259148
362230
69836
266542
616158
221253
358478
357226
105241
715134
553131
616773
412432
934961
987677
243499
661349
281167
345259
588009
405366
692607
483962
448366
836872
219050
653479
617545
722315
86103
877874
298071
4599
552944
90076
460383
188509
211136
64705
938553
395803
154866
263198
153634
202186
332372
290298
257406
931059
223528
218183
454747
805473
64953
648246
107877
441069
568823
350349
661047
674267
325518
827578
929541
587080
361408
39496
968332
576447
654264
923903
701182
950614
267498
963498
345687
995183
424460
481727
171840
399330
79967
957167
320605
597706
109816
930834
770858
285213
472251
939177
75628
532900
837612
851684
264357
792189
191524
836308
586946
109159
809527
926901
968253
413190
491656
795296
359371
24436
908609
82909
226503
219564
130405
391950
161571
261576
152603
149294
127153
450781
30422
799040
984417
756440
370617
577217
283169
951266
4805
293673
321473
251211
140245
602764
581434
512549
130249
200927
544645
97769
706673
455381
261444
497715
703090
791300
779998
695031
995034
157942
873677
193097
464330
131797
99689
165597
492703
896084
624272
587192
656006
201818
390596
26265
683986
887583
261427
920379
626383
9567
698814
76935
119714
342630
208126
174413
118930
248169
899031
3429
952412
656393
581989
379539
895211
296763
791578
46992
740900
408798
200391
824814
384525
446783
241208
831231
2193
235052
718348
611413
161926
481686
38658
848033
725471
318026
872423
302431
198545
75403
6042
678980
712131
741827
715027
547068
825380
847787
904153
550000
168323
248272
42023
747413
740661
46574
686659
552514
745162
509032
696449
398834
417951
484659
486571
449111
784746
262481
348959
474646
505834
625140
903871
920998
426843
128037
470787
27409
508680
84128
345399
300861
161110
655303
777356
682273
914788
956120
720701
714749
688977
592814
581433
863374
782519
854478
275282
654618
987349
46569
410127
47421
970808
408504
311919
341739
546102
284023
603173
905810
603185
813012
734000
14867
104376
326522
700727
966579
454090
623290
562461
374674
589653
298020
582193
995646
211651
629611
146884
253834
957263
453858
195133
451585
386047
445101
661406
332869
686592
868105
895435
101749
73512
229238
726479
32432
151450
222711
346289
99998
929737
645487
377328
177371
483866
683560
748968
228187
641725
741443
7097
152732
212725
278340
197539
4768
282227
484849
50041
751336
699481
973154
433387
31838
398352
273710
241049
567310
807123
261378
872235
874569
191575
681684
466276
163950
914564
750169
767717
984570
212887
920425
831164
160047
84135
499657
856544
276719
868819
251709
821386
983010
392713
467096
712601
858840
330823
476435
589316
215787
712895
229949
783746
952009
220537
149245
302613
738546
435990
319026
948809
791843
333766
866905
588402
964055
316761
868160
566563
78241
199701
496307
412576
902534
583458
800520
132105
291251
238411
537459
788995
457676
228522
449506
182359
7786
954217
21512
327371
542612
232882
980474
764359
555939
654732
237362
777227
463808
160627
595709
960713
126552
245280
514589
549141
250003
599026
651488
988300
167161
244347
179849
607284
515072
11844
179534
150396
555186
814037
535627
289134
711517
578992
30759
402469
296720
333015
950202
715950
482008
495876
157512
726513
58809
195677
185008
231674
716441
26991
626553
998254
991176
845790
69967
646542
296057
173228
140676
253051
3181
190847
715244
179310
180617
78450
660389
668103
871106
785323
322047
761448
262022
757324
87642
713317
433389
437996
84167
302024
966168
502515
211968
696291
184550
325192
671606
925683
818581
125976
75323
701740
519765
616357
668390
841833
847397
279725
175350
712130
883880
383897
479682
642854
389411
479739
217057
293835
713146
636947
698111
280966
845052
867695
269298
474211
596789
122190
474885
290062
441644
38276
223445
684011
145795
480266
320185
479212
534145
307953
565335
370580
397163
567148
880663
977359
337217
394345
942294
769607
481017
728412
874705
922164
780407
197412
755881
757269
443792
707220
562226
436758
888856
129145
85218
237840
152056
736365
854466
591325
60722
51322
736036
245957
981629
698178
57497
612903
75355
53252
956258
583059
18972
473907
952913
697658
186107
133230
450386
845908
667906
581661
296651
22725
319156
222327
940047
581123
675411
95700
34594
955864
674822
880635
930388
489573
905224
636886
193495
502354
538603
677475
163770
485577
518413
258834
113999
763359
699210
904721
732638
690405
393515
800381
101548
443457
206819
143315
803596
314195
877623
864849
205252
191643
823384
547198
98644
191337
928026
282230
956565
445657
883287
174070
109074
795150
523566
834016
596778
239800
842606
761089
99081
846768
365444
771343
781655
484180
162408
24541
564777
673820
105538
267793
353418
827636
219329
524340
954744
694636
97602
202078
464451
278056
951298
774007
988744
559122
751409
424674
980767
700417
899539
640651
71007
562208
518150
120278
802968
153400
959772
836589
675476
382708
917111
857112
140503
352623
27336
879033
799480
989955
429693
483212
960561
238601
125434
983866
894715
632529
598722
886890
683581
878184
863665
770713
415868
681450
450269
474912
410665
333095
495022
377538
96604
457329
957652
751742
785807
448317
696890
453414
820215
37951
632975
35861
404857
591506
902129
987048
546459
647859
580027
344097
65623
257476
12362
577173
630459
549701
758125
537265
908807
815233
526600
678095
338216
807683
226026
758348
711881
693149
517872
75464
988958
437291
572348
754229
630262
924828
459165
110418
590484
476620
427138
204716
251262
233122
947834
221636
372056
231757
834170
990477
275296
185407
907235
203435
753185
542378
288095
935074
106216
759037
195683
903467
38914
457136
547747
905388
623665
79049
739705
201619
561313
969432
696074
949187
916927
442638
321761
148800
794010
822133
211695
588886
383120
16505
662167
965197
24428
367406
35549
31233
273584
479953
748381
78783
363679
969960
261050
761801
527095
923024
525698
665885
779559
722181
338410
364508
701989
629372
622648
97699
507323
878201
957405
212517
582404
598286
980613
969343
284975
283192
545815
232270
930202
524403
663404
28585
94545
682531
513537
91774
894426
110174
435950
615671
586509
836726
971019
783823
610895
830927
287552
653388
943161
156998
13904
266936
265811
543945
777002
452853
135184
117572
481681
498587
129216
663908
904719
770997
803504
214810
114809
990892
15194
602455
412306
428471
588347
147632
548214
801364
410783
850982
377789
838038
994664
403841
993782
244682
729885
9429
444172
318130
411530
694348
368476
440058
508305
594840
857463
181633
427187
504632
952329
47696
333279
127995
28449
694798
578756
921158
895485
916309
190688
668764
349179
151247
720604
72527
439923
612049
279883
472011
597674
445387
769036
241431
708176
32397
272016
371946
553866
680778
420778
265126
408532
736773
941958
504917
620904
457866
344945
446981
140146
859979
658479
662879
549472
958560
730994
299923
207411
101444
901994
590472
850638
901271
209172
157277
569997
564665
49846
888816
360714
887812
330451
236586
427953
212831
600457
419744
360648
720064
272728
22488
224918
938243
900239
522938
418620
866869
760374
99624
964115
852609
638388
326014
980573
897307
140026
684922
699087
364103
694
413598
719312
427365
791897
193600
861676
112068
786487
548764
27921
667659
801374
854315
498883
64773
88007
538913
150329
822925
387508
522644
959382
855946
48308
687922
361297
264153
426877
937063
147383
869660
621474
920659
859121
813884
512127
452651
26324
454309
549764
225644
644013
777901
216780
33980
563970
735913
231454
846255
438833
345314
458483
940632
105940
184095
658449
368022
545585
199403
783171
815412
306361
347389
118011
81902
666580
668235
435311
431931
374822
176438
986539
914296
914301
637492
488508
995140
297907
780131
857036
234811
325518
107869
121701
356536
199464
112098
236753
781137
30479
506404
129130
706983
371137
279159
522633
393005
380474
283814
886209
860994
543689
713674
410143
215266
436303
384303
161868
53894
791407
888551
760745
16446
62883
612587
887110
388449
759809
142708
838398
662395
692377
299100
428604
826520
356635
862954
696380
521225
847402
73108
71866
166100
694202
464498
18776
678240
301030
987723
995940
118556
511422
676992
801545
756611
256289
465985
302903
364357
450943
330244
792420
954593
682101
266301
416946
908601
259161
197245
177654
404320
871413
297173
724653
970283
367030
769553
891384
274557
876089
228672
975773
97189
459413
549482
42241
340324
504899
56331
925774
221338
192832
742790
325626
777557
900013
161706
803526
233236
720371
939104
187468
180498
412898
277291
617550
820073
978980
47831
538380
839037
774220
576603
236130
429522
700801
873321
187791
955559
717392
101415
530976
147407
9080
961659
784897
675809
500346
91078
619306
607289
75111
173093
899402
142257
109951
509553
126443
48837
57062
154531
286215
803766
333130
896585
606812
713479
337549
437135
111135
176545
429835
180454
923328
749875
506037
204499
934550
416676
474968
223520
558372
471386
300154
810930
827097
975185
541200
136138
524641
530704
131942
356915
1367
161720
130574
24412
80476
387445
87351
804764
922800
725131
670366
61806
764484
292015
626249
231361
935005
79057
719558
348467
951353
717485
598460
720872
251893
522257
223504
402641
140494
448552
339128
267126
952986
91178
615222
418130
474308
216843
745818
850761
927018
821264
886691
842602
715880
710113
205803
998350
316923
11656
600096
888855
204990
188589
161458
896046
237411
888863
866388
908266
863494
236947
623852
817434
667360
820113
59707
442946
949835
472625
771141
303682
582792
503273
26418
996128
648853
977115
264999
3664
817770
430658
438298
109681
963632
992160
38136
635252
775704
935768
246240
716917
406520
540247
646337
346900
126558
182220
133625
565797
537613
567946
938677
804193
930111
592218
450041
692632
90875
171246
646335
143034
485404
701988
244434
709252
514259
553759
792073
584171
463872
769963
459223
318712
708519
365314
283488
304530
587979
583421
487031
344123
472425
47936
430975
270157
7963
119869
431191
457508
217134
420178
723662
903397
351808
827931
266469
741263
373852
616563
703359
611505
297358
264382
458280
24853
635284
768173
88580
410248
506325
246628
796816
28415
455679
193254
46541
370877
91032
281000
635978
421679
137204
806011
114256
532587
316920
542614
401599
348976
134436
759059
43528
939914
105105
99182
500670
667380
283390
989966
240062
323408
2381
973359
958233
832559
739545
985156
415944
766314
517674
965012
900675
944271
366452
481420
447822
185499
337432
413002
694686
774790
498599
947946
669055
681620
432980
778952
544607
717334
77023
142639
886398
930795
710747
757106
407828
612581
749269
94483
410510
705651
637848
964001
728077
459698
365557
241442
851007
885270
793261
305846
688755
185996
385625
194756
975487
944785
542476
310495
289482
710214
139177
800202
228665
802150
245150
259543
454986
320131
922776
372372
648865
115593
415249
91153
718067
506812
506770
338907
323521
30260
223664
169582
463520
753018
999343
364545
237076
290225
624841
706785
598110
149320
601150
763823
923489
15507
261773
672001
190676
302908
753356
512416
676473
583333
599113
876042
566297
915862
215647
446374
610587
113562
928186
126750
930043
407561
482932
15714
181960
517755
567181
983150
616367
950666
424664
538076
242336
573392
363213
794124
572793
309206
564458
626519
906493
789566
955521
467779
52543
989437
791667
778135
441471
929161
699597
10242
264932
760501
328100
521879
186367
863856
471179
50100
511545
439967
430464
131144
818505
771423
862440
404711
341573
720117
3869
781732
933544
316312
500489
564191
551754
393220
27976
96228
930368
473349
28621
99293
657354
907689
177036
776003
735635
727602
564047
709537
775980
787069
231279
574926
229013
594501
470212
860114
708554
683907
612164
248690
853199
575542
141737
990191
321888
459671
560314
103367
249477
690487
403502
353613
672165
667524
215648
29106
500043
410083
907663
562679
921525
448608
489032
71851
808116
999808
178769
445474
184155
960811
533624
30676
520769
995451
226253
674707
318050
758630
432225
744778
165370
843083
501887
852074
429726
729627
232595
938703
921729
60513
144717
141338
787086
261772
782646
701602
921418
498560
206846
160743
233562
341677
573710
637136
199645
380029
898774
710128
73948
506948
410841
738961
715443
162158
89157
699666
429222
858453
614706
785330
597421
438410
298892
301235
905928
548586
561211
620762
50501
188660
563523
297048
410544
750803
473686
41767
96413
762077
956866
776009
550327
937733
530536
715645
523119
777180
870268
462509
807973
601655
555075
888749
100003
842320
437693
579438
197612
979987
76660
967286
62926
949743
156911
110535
168087
634000
341717
296824
723840
17963
191534
779344
3052
943731
268534
898563
344644
85077
50886
333338
381662
277397
346165
897961
970873
371887
208176
362274
687871
158377
649535
964701
653825
446346
88071
494626
57277
773525
162319
9655
759738
954934
602753
932425
698497
284543
871581
79689
939775
222652
699597
888953
254764
143335
530991
807732
244012
175829
263158
109494
842501
281781
677379
998380
353116
834752
741439
500383
521397
786935
73181
88770
23810
178116
863345
349082
207219
328346
841619
393597
113663
881695
97261
729282
640453
236405
336776
128748
273763
475694
818996
312814
248523
343643
34477
411858
891542
38799
427082
531380
329394
958625
625477
35634
140000
801254
920569
609332
991732
283598
602157
854233
518847
50514
932814
352394
624921
137861
442270
875791
395886
613222
205526
509619
935925
663314
836363
306895
617831
70814
780384
374482
581290
653915
745527
106431
7185
394885
944631
821159
480077
780545
468619
278394
723967
697561
455053
268011
208062
208695
27718
49715
361017
147660
479926
871083
659920
672067
67232
468434
380628
465964
679381
644995
368257
504815
185278
470266
199427
277149
492056
953962
923781
496569
69118
119796
270626
915300
442845
772338
639425
890242
961801
307974
92242
266942
24154
841836
135367
469647
854391
8043
678071
886305
934097
198548
671197
180636
83393
835384
514898
787694
789823
844798
101148
330785
637920
992478
482856
137367
153456
582366
742680
134885
709384
203960
830192
246654
196841
812940
207620
916285
359388
728045
953369
468678
653280
36620
608064
80969
284990
590634
418906
288670
348106
746113
55220
937081
960658
966689
412595
709166
150766
854376
530939
854655
646569
395728
766019
945620
459918
475018
750522
724473
917295
470123
403004
171426
839695
580710
679415
798982
804267
177313
619559
896542
574090
931279
767487
526442
449296
268926
740444
779620
106346
76512
97023
575105
363302
235105
207623
816638
325334
383758
520890
67462
647088
331157
264434
44789
963414
134706
506886
202606
262254
123173
995481
308281
695970
954174
100097
507557
889099
832694
363235
985771
404661
811180
165049
742252
250028
327998
302101
587058
549996
909807
695668
518532
650182
323675
892763
950021
856459
923443
385430
686471
221984
724204
262452
928962
330519
787270
891595
177063
688620
339763
84999
295837
853613
948753
248999
780176
904528
886930
652026
928999
507031
735133
189596
179781
139326
459439
716268
388106
587855
886770
233401
726687
503700
494279
289591
329521
853113
544830
595413
433551
919627
427836
198827
188465
179281
451399
508939
787221
966987
856585
777183
7144
255383
596083
586973
216851
688866
918459
760535
237006
619233
111274
142111
870089
255815
918681
503122
504626
532180
286968
202357
575887
674000
789009
552615
757339
428923
809432
705172
463171
882773
764912
184149
479818
972542
882446
908161
277002
695816
664016
179366
986133
737744
837986
957393
553151
273267
844159
309115
348520
525984
161727
526752
203031
523646
10172
303396
870607
314515
771052
224941
272498
230661
617506
367446
3045
833400
412582
863524
158066
208669
401862
44359
540274
645559
435679
569336
845223
445676
172589
159668
382086
930579
965662
351990
25517
21875
784049
306112
988956
389982
311511
917732
943414
232306
257905
646458
536686
356440
272300
34487
610522
185539
117073
400613
458280
234093
864631
624525
95729
779430
995043
68837
211357
360641
369827
567558
229716
502700
934456
856736
254030
362098
274084
101346
119195
476731
329567
914935
211372
844669
924747
463371
659694
557249
333734
261034
764347
411394
460403
498799
300079
510058
305823
721593
732864
905323
551452
626303
712616
465373
331454
372347
691268
349857
350888
469320
997897
967583
934742
373733
992698
448160
747271
447411
797110
925146
631036
262020
129515
696706
99474
747484
205149
600179
591579
197464
371852
910263
750742
813968
862914
716113
38922
896874
652891
329252
853088
136937
420000
910789
974514
332891
6242
491700
697356
232745
768906
969097
317558
808831
755832
26653
292752
511468
456889
514080
486885
270407
801165
235440
501045
10099
369333
470329
663806
909924
402453
25757
243209
990896
136242
850137
706120
153382
40532
952786
743720
675650
754820
537700
544865
188458
983937
488492
160025
293514
744630
645434
146860
65732
193171
391071
379012
278971
583824
614953
631104
853079
758158
954542
102740
531739
523629
651705
216728
448157
684284
634209
516972
797979
160912
765627
259170
423060
291557
383592
130902
669887
429390
462464
662349
5725
424290
175156
936236
951462
650965
871186
728817
237940
826105
600714
671773
981502
987437
134714
282979
270245
440092
811874
830326
475310
415365
991056
669213
228264
257371
217053
739991
276728
578657
79060
923970
756819
317634
849856
579204
666255
998135
961175
50808
426476
544575
953431
521780
475005
319541
876875
928263
639002
873045
260895
269955
483470
3708
267285
118012
994766
821253
315960
114640
729704
119545
18066
809196
524151
132551
393319
444205
919956
757590
397522
160174
237326
142949
169903
893109
614416
806276
94445
466788
887629
146847
121385
583638
889992
513072
301951
521309
231215
597366
575908
266370
760972
437364
370413
128449
665614
631275
146212
804769
303537
973238
467366
530435
695661
690380
623668
625965
489364
977184
552482
537774
132099
449306
592254
480388
215559
984853
191750
667853
340755
533297
781311
540325
901066
82555
161329
739298
934727
375769
193154
367069
347892
583653
149961
846123
464475
695885
94645
523156
592506
403027
308337
282945
842310
404574
397530
525633
772562
86480
318780
116375
784317
771659
515982
675202
57052
338433
102477
274479
661330
531507
916573
579715
692891
349866
753483
530858
810135
109996
29847
962870
665935
335702
818055
209622
649971
434076
911337
458281
705820
89776
852532
514267
617151
948337
186291
680449
798708
534992
66946
745354
755475
261275
978385
502712
492255
954441
422890
355584
632832
549131
140480
836772
573140
774612
3348
762336
175708
755822
553478
880678
353414
104505
146777
121774
596759
258281
550187
52811
706439
860576
116397
281432
847762
754911
999467
803374
401518
730555
494381
802565
824282
111626
439376
153417
966586
485532
183379
563131
839554
256310
464053
837966
355877
192604
582272
46415
214796
163174
53293
242916
779162
733657
787659
225314
913631
225868
246443
468329
639057
432963
978988
535276
666671
170060
940798
957097
563202
520105
767114
70280
390242
543981
215649
931927
80461
543550
693193
861512
562900
585395
971621
188661
370387
210087
709855
779513
422608
269393
37374
23083
868075
735394
151952
724135
139127
927649
211906
610044
395262
16686
487058
44000
871306
190519
398514
134552
699618
748992
912950
919078
531656
670470
194687
111887
297184
92697
866996
820881
49436
260840
799861
430004
743335
401368
253566
200371
339054
244532
61360
572858
212602
244181
861836
322523
731392
591240
121423
936469
717670
693361
414437
940373
558704
987544
739842
15730
549741
258473
527558
438206
912795
263147
948434
913337
387908
264941
968237
159079
31881
949316
281672
682263
438635
751928
122130
907632
71202
684416
328075
514412
444936
896702
463669
862633
421209
562358
262371
871112
289085
830709
689506
842167
5578
486841
660963
896753
553235
636721
231283
355542
818105
6378
142863
637451
839025
26629
129473
281031
16978
126290
456804
660538
672178
327994
476418
575523
719196
19058
215061
668940
653795
828406
367896
924376
228891
580970
590203
717425
604740
662473
424924
477196
776141
193817
95482
797076
837208
403880
144634
368973
388506
865641
293550
176934
267518
697546
462022
678319
618994
753510
652803
982859
873254
691795
137672
838543
341228
580622
938873
963913
928608
917220
892412
588250
658947
197277
791563
781467
185160
413350
765536
396770
168622
678407
24679
664074
365240
885577
227459
933632
482787
632194
758857
801190
120879
836098
141711
72451
878043
857798
656888
818819
990501
10566
648312
150310
295826
378072
184764
796701
321657
97303
733456
887400
447478
142592
583830
543464
321540
467219
384026
633402
905039
738236
141024
418956
159580
736870
878501
503104
308611
158639
518264
903836
738807
639180
500129
185950
332786
799172
108155
89883
401449
963531
747348
306467
947737
185574
272544
875051
466502
156582
523677
328464
482828
763066
250206
423593
647368
764493
6734
536634
862745
972391
756441
285958
844876
241521
374305
581351
364168
207277
809187
116403
83592
280615
617098
343961
906591
254884
769522
118474
474692
43488
639505
828547
767052
229026
491696
40442
724105
467903
500820
479144
333655
283613
158119
439266
577328
787744
164495
794429
420906
155818
28600
948268
106851
731783
729155
239350
418947
712540
855723
829299
264444
475953
309560
193696
227295
740030
413146
172419
676501
842348
746481
624298
825275
142336
932024
286302
292036
181208
850681
81848
402784
598746
404865
743544
264283
465009
801620
999453
513232
145803
769469
448690
333199
953477
791048
589736
899196
828359
830364
537475
436015
513696
301365
368944
965074
31070
910478
398874
506306
708706
886425
931117
236110
690618
732270
31869
275926
128686
881430
290458
742964
949672
511402
225521
182766
683934
886879
497726
421853
471295
249914
611929
889336
975040
779096
113973
250448
697711
116926
375477
366024
220205
143359
566129
837090
251191
935926
407062
436932
209203
252596
900299
49840
636776
949783
810850
308501
724051
830300
631111
731871
179522
174645
795572
673405
650812
572928
906523
827887
103756
565491
330358
840537
30269
842782
208811
111098
13878
161449
23565
977951
471118
52629
465979
488718
985321
845252
740379
260703
575030
352494
683094
855224
173322
200689
907114
878159
470284
681963
774905
1558
342923
569628
462852
988057
248895
465930
988744
591156
225786
962821
101770
139983
46041
709821
228838
817388
841458
752706
508653
818294
309993
724565
728736
346937
497747
611749
368959
931042
493290
328573
539951
624466
909520
176684
41386
507923
589167
711355
696613
890244
346931
894713
650631
531370
283695
605573
462672
559779
954835
879703
268051
969297
141239
455925
353445
52459
542883
667745
803017
483619
847694
676863
618205
686810
917204
727932
906146
109784
974842
246964
766703
484510
320840
91755
729234
675477
762424
760051
252027
929280
435213
687653
113215
181231
105698
944992
153482
620861
340046
276229
98046
350540
233894
981208
397227
346197
97137
878662
459003
499275
774255
211817
700017
547767
644566
999603
544788
403085
989064
197997
175241
715330
424136
53187
627332
666990
197154
20877
620097
817059
827059
25323
434358
234761
23238
183132
578463
430026
428612
65414
174362
712896
372632
978246
365381
141325
54780
153785
340229
577576
526494
464196
463756
140806
568207
428783
395776
609234
213147
662169
699659
647193
341622
332146
840333
51351
585845
39080
415850
303047
499203
553664
849035
231153
735873
57095
4900
405537
779970
136356
165475
859715
515084
131958
878980
939824
960050
559931
918443
139933
925232
626511
606070
905218
853874
173122
928551
198980
278080
153567
761196
332578
659974
338016
562356
946597
149282
851056
403651
803605
831734
940
718431
213381
661370
612581
459134
108260
169105
240317
158895
468194
64101
716244
215295
684340
843080
660898
419540
157898
636828
32836
261086
256181
858432
333808
922001
352376
75098
126810
637667
305851
477930
706500
940447
344499
260211
780112
963964
367682
956931
680120
364409
738969
703487
877871
818078
734853
406069
48614
798849
514981
143813
846606
122280
279372
501314
458475
133834
776183
700744
395225
505177
488472
462293
522302
223554
671829
877795
345926
484688
112715
401689
364523
125332
535316
382531
963404
345800
144930
586825
559444
856529
421692
92212
248821
351040
154175
677027
598554
561770
586728
858073
301625
524866
957186
972381
21559
198697
729218
276808
538542
890620
637277
337832
468969
842727
988112
379730
852544
361132
268136
437023
620491
57469
740415
611189
749621
797790
675269
90517
167436
341157
161137
186150
252178
478954
731663
281559
738611
6330
89435
226057
464646
683930
546972
71032
638066
272925
675867
653991
872552
74078
15230
923580
567055
227672
416953
854304
528557
561665
94051
446898
642803
676229
867550
32847
585342
269083
148714
595720
756266
860727
77510
745641
100461
287535
932357
835257
890988
89491
967372
257991
850548
941542
418828
70933
754893
32745
542266
955219
299326
113253
911063
111590
49225
656898
738312
91127
940952
140220
977213
644771
131608
28459
512595
564615
997441
222254
488989
591522
192068
492387
856937
747362
374786
767549
44327
122792
610658
901013
581318
221202
934818
766787
299265
880874
682865
146083
884863
101378
32045
570602
18476
627813
531176
364727
634931
205854
583822
45759
334611
493120
863652
990526
86570
918350
462016
50474
818495
561502
424254
768514
73296
362769
67882
823220
148641
381996
820471
289481
991234
732841
179104
489176
703050
116189
217959
975305
139229
651730
754154
717574
423759
807342
104725
455219
137351
266634
333953
728032
447062
948055
171567
960820
82290
298402
202936
210252
887596
276172
535786
626875
569196
450557
444075
172579
231786
383151
994137
588466
319679
556543
833291
530320
103823
986659
969324
463177
278232
199911
458512
967655
24351
991234
411906
363749
17668
519284
504547
647152
870997
848718
833169
356606
477199
508467
22207
173700
878096
748030
770663
648816
153331
77243
869219
107281
637230
566218
896838
162448
264861
260894
624538
626527
545725
665545
145143
57846
743927
986145
523108
606760
272485
512692
96446
996176
450991
749558
286405
57515
217981
749686
247180
29890
868922
991836
664887
96519
319589
597417
96395
487841
292848
25803
46080
863257
375852
870230
132433
750975
517895
864419
864686
921838
284629
801448
864367
314406
275089
352738
547010
671418
2637
109675
454268
429790
523606
570410
18009
537183
314063
672848
147673
379739
521617
508643
433752
677101
377767
487867
713171
724283
260487
236143
879075
958045
171462
100864
50064
573111
153801
601568
535428
910215
297491
676157
697666
252421
179369
194347
209401
96899
877181
669331
696859
136546
867859
857904
866090
554545
839264
7363
871245
290163
379958
628399
203354
355960
621761
779409
985693
304015
820556
352511
132330
472591
737029
43066
149179
591824
291719
392741
56997
411482
754814
279703
90936
59979
925633
416484
588228
167227
955825
483446
578107
200424
119815
265676
180313
7964
867953
876399
142921
932157
57004
756817
326721
414502
199603
325843
650442
133612
964838
27610
890893
832679
951427
563868
325315
404733
728669
594613
780854
300493
268414
525651
458671
334577
926647
874809
937561
941627
272534
367052
557273
612649
123541
476164
886303
576565
116186
958934
363581
297708
886434
969036
840359
103845
603718
998608
761892
745337
70091
485722
799131
109185
299772
980697
506399
555920
28135
280776
464648
965839
797738
556820
797783
605321
691867
61787
985965
271794
256023
699216
696044
790058
377053
853834
519488
236996
266972
520617
257333
957677
384236
46858
282738
918343
386338
222688
504623
118408
43928
242702
489530
600077
784395
492427
250228
587580
543051
543450
190287
209256
246358
391499
595173
226820
924003
125227
920029
507356
12403
571607
323202
515943
742596
149210
832527
32482
942213
931177
729707
840622
426241
640522
640368
343352
815258
726569
340888
822276
942870
558507
445530
914325
542468
641590
899479
506552
856758
679629
338018
767251
1056
465590
236810
107206
98505
163818
138850
725579
808902
551257
755889
190101
978172
702423
171184
646414
199142
10484
428330
879209
225978
921587
939944
230742
784904
30598
190541
996915
803335
581772
71278
174324
748296
520563
859147
118089
457874
421216
648275
210227
900485
21542
531485
235017
901662
861505
108913
891397
432712
222352
627473
491166
471378
904367
928869
182945
940267
313134
942664
845510
39477
11054
754273
271642
206471
949146
387008
373798
715462
167263
242104
194894
267323
981253
289884
563362
66490
487309
181807
233354
143825
896480
210972
417057
982187
891331
723571
158619
905794
21744
23390
809334
304433
177679
47623
117804
375440
274933
246530
496288
353490
95691
963344
227060
602250
165961
238725
855450
372779
21046
884774
134244
202745
744664
203976
111270
973581
6755
693433
123566
107894
933201
200104
540884
472026
222223
181634
510158
235830
629998
258014
520124
906659
118629
278358
391151
750858
407800
592607
93344
638626
67741
703725
848045
624617
306351
340134
346885
747670
594760
985172
525077
617828
478177
885479
82788
519340
522171
874565
857536
248860
470170
230702
735701
44659
960175
22986
692260
886483
707011
819662
142398
721064
504955
651904
740822
940810
157143
780665
942673
987174
14783
898523
835272
706931
616528
41747
1997
74108
353624
290413
307157
79863
826789
491806
915969
788853
827129
145043
417165
374665
520185
931135
499510
250126
424963
406163
204293
388475
35831
482252
824939
503715
635613
577136
652186
935366
903427
494147
157556
123340
157544
966831
911701
310791
783793
184235
736601
725051
193393
729536
562076
254006
147147
433266
670159
449608
291305
96544
941731
942140
885854
917408
885599
632841
942873
812583
10033
62579
690253
742360
778814
239352
117786
805010
664893
35279
482169
244725
988482
479675
936884
964771
481317
849347
706556
105894
479917
698038
248388
39039
582865
552948
681666
27981
130507
837160
384997
330703
731002
644761
550432
326363
133408
917411
396895
252230
837422
806361
848374
157496
701827
817371
947408
945205
239878
201032
306369
462925
32546
983589
505006
252700
113550
75538
108727
350993
102477
634950
286217
577466
817353
244763
112237
652984
290173
94082
785426
957803
875050
895666
22682
277692
461495
142231
385441
234941
295440
334316
187570
453913
271404
373820
522832
55018
5475
384110
43174
177456
824258
52776
801548
866741
479795
73099
456746
182814
14709
227487
848825
316252
82612
175334
379389
917203
329038
1509
771212
148352
378867
620340
863279
969085
764401
998766
256488
785365
66501
509169
53852
490222
263162
98226
456845
421118
775580
60077
899723
258331
664545
844673
383319
17515
257274
981326
880844
367291
347644
186933
103495
502381
180011
789913
50587
230974
776908
809368
449591
252415
18029
619271
316938
926586
249619
466616
148414
370705
724625
950135
301078
265609
51832
611449
952498
69192
561039
522864
107514
342198
875850
866682
419761
848012
970466
761425
171297
509099
472988
783507
454353
999404
874043
91073
332012
284302
340143
925230
718330
939523
801927
390027
184599
465985
63641
707683
442647
776281
977476
792006
342882
340835
479921
709055
642093
90264
71468
766129
964891
534269
836730
339351
430917
954710
671047
443721
420429
464159
444302
554150
383939
286361
549861
367018
392699
782211
940951
959927
576029
460389
117607
93580
506081
744548
400822
186703
302175
841813
822210
805477
121766
327727
2744
50471
234238
262032
419137
451181
707421
710145
202527
503197
935934
935571
50140
981160
505448
313104
482004
442963
848181
77378
82384
730090
253693
923789
39495
707211
534479
240710
663953
974893
239436
44587
228133
343690
299569
706546
820204
28498
861609
562985
841513
323473
965334
699751
113104
90149
912616
715419
333541
235005
18581
554237
539198
388782
164764
642783
949390
541800
584738
559209
468511
476423
783918
421877
784143
264811
394135
481026
362314
895339
221060
857435
820027
908967
793648
766838
957304
832655
884109
601726
634201
435129
841072
402127
838282
728227
430671
693467
881490
716638
591396
345615
234466
911355
361194
506608
934044
98789
486006
251787
192511
595772
368120
852690
938118
123064
894788
282163
671537
850154
170930
409238
575339
456881
706878
712083
320329
139083
871716
297323
637541
714645
763210
389399
680839
81007
57706
989911
336897
365512
202802
856407
226779
42889
355749
835847
521102
558631
878391
163370
865505
740887
418339
105470
374735
745817
996527
689735
696831
80303
695501
303081
177101
725583
429928
54156
362462
440483
213418
79775
123748
749365
995749
197524
109703
532368
622554
762926
651682
556810
807138
258284
823736
73397
188528
788087
701711
493022
251657
239811
157045
166088
729870
763801
238305
999589
876838
645521
990517
538375
29439
219443
712096
848972
447789
147794
313223
581816
660541
323123
573585
328624
930138
949677
97162
337349
423068
908199
342926
317892
73517
405763
483217
724177
200288
655256
72060
662471
935542
947093
433986
866607
301209
78934
619841
353506
752509
886190
892630
454885
318593
170628
137015
369096
380517
258167
135577
279626
4105
731220
752306
77911
445724
768561
926315
95072
58741
670671
924078
298191
182443
985013
128704
972517
24678
645569
95679
195248
577914
141493
362534
39131
455648
638693
407572
304707
254592
591875
562097
854503
196562
861669
572923
240028
297402
940855
246498
431807
862436
993128
761764
547240
858882
134152
819453
30949
122383
625158
873812
621168
482338
27022
682936
995688
614100
451228
736488
600595
903262
341643
289161
590853
283784
283792
857002
246426
318971
456993
104312
475576
584402
165474
374190
505585
645212
315894
278767
368565
631744
325916
728688
725308
321608
99078
591457
911785
522916
328877
8692
793315
352482
651175
442211
598610
554814
566644
944986
571139
353760
921982
902145
916095
228463
632232
577582
920885
473408
211758
807145
482854
855662
181991
342155
686864
972390
67973
146113
382335
894192
353923
895481
30010
699292
657874
676213
176796
98303
169815
522818
344824
7634
967503
695869
547098
773299
106274
591262
834097
111129
194930
160637
998935
942074
240619
714342
703013
839177
770874
632133
70251
5897
514402
5241
520994
803880
928259
286106
18923
423387
131605
156374
658716
752787
906787
441873
871210
924384
745530
544800
366460
799564
828808
323816
122345
145872
747894
319829
352175
154487
272009
118941
324934
815128
948031
969142
517689
776899
555248
827154
87975
909357
801168
501737
437827
217567
63890
405776
288672
319799
989174
461124
187217
290505
188518
465076
425620
104677
884373
296897
696757
664002
588669
362355
829523
303776
421519
136228
92425
793683
787625
981775
975450
174197
783059
536797
971224
450487
443160
849807
861650
883650
607314
574545
499388
653497
361699
475828
221736
895008
275131
395028
366368
781811
877397
337111
224253
714277
11880
666975
397775
119871
834914
157876
926978
779171
403159
846496
670121
861060
595941
41574
472069
926262
260797
660478
23251
687971
947601
859842
804808
510972
634055
857301
415164
343471
365202
318296
875123
151475
687932
156832
435509
456243
180910
980008
180506
471262
511307
552788
75897
17684
819089
845628
292500
490447
187075
635932
672128
910463
731643
372278
431717
827901
509324
799446
712908
324008
52910
151079
919929
645330
634235
672176
914836
309081
838904
707601
851947
297010
840736
295979
853244
149933
677004
676555
21917
75077
226764
600761
368306
299081
446100
640291
507078
620251
899695
798050
908099
799666
794700
273008
987681
488842
353169
564571
199761
900481
37730
749194
920063
800915
40682
616983
99225
962955
318101
304383
93772
903290
5773
738352
595925
984423
731340
389917
769724
791479
361098
71427
690113
477351
286188
654240
47422
212678
662196
96671
947369
378846
816583
559489
7025
415031
903839
601905
84818
221396
240670
379933
44426
39491
970110
967166
166952
819982
560430
241367
360374
116371
79989
715680
900232
213458
151169
422533
488241
688913
154506
879559
689206
120167
384015
54640
410790
669553
570301
63887
581615
450040
134355
64392
536890
404400
984915
665844
513907
205587
616504
19785
795270
250842
496038
903698
301168
683349
772825
644708
58121
986450
29934
920197
514985
569100
995695
679090
436942
385194
74737
195470
696956
627336
68720
851815
714246
223314
321221
393343
920530
434717
94870
888642
636936
525888
308632
176979
355679
757091
539256
829722
463007
645144
457910
612029
302574
932960
176848
579253
321088
322935
75541
924693
623186
237117
607858
425580
920390
510333
292782
79599
242522
763968
8102
794903
123806
416418
413854
452500
757818
108898
358445
848405
751166
836213
993035
349460
142070
407573
761791
528339
445132
910975
240949
213270
125369
174649
849270
385706
910638
37944
55570
961164
423285
66167
622664
475986
537995
379709
491889
383804
726797
461510
604051
319746
694834
799038
319262
699297
856228
451034
615693
69715
984964
929655
919403
448279
178762
378971
261480
115698
118290
748102
356936
470252
269864
585020
332190
776479
43896
814349
856553
313488
829067
305723
282098
51044
696456
794266
383170
486158
895387
890728
950581
727791
364985
130735
66579
481005
597392
396745
5929
596581
572908
20728
577035
434473
448585
83594
844080
648563
354967
727594
177786
291845
39252
302833
864266
771033
787882
418718
273271
431658
870221
569664
115984
834769
146594
847793
885497
530178
67756
804084
61944
248914
343117
607012
557094
604684
597303
511362
369811
463511
598603
670012
190925
97397
971490
210566
104552
322650
864993
456665
372715
125919
603915
871795
629019
32946
424921
519432
885902
579742
372262
264813
247779
711920
570086
348902
756514
21871
673229
256768
275009
731551
439589
257153
155768
446113
110835
157774
938441
917227
521537
769549
946436
363448
920209
836338
762633
228509
726959
519898
756874
528302
242209
51047
518779
965702
779099
867968
596268
977481
901070
465406
884153
119340
271646
109986
959165
986045
455530
398891
592617
939726
810068
212621
698048
89734
536418
696159
738571
213419
304362
136435
607055
451827
198041
842548
641203
123244
644907
233003
744328
837884
852924
486434
724207
726612
710390
39083
45226
53058
939639
332494
919029
186609
610655
796880
458273
842276
714397
34273
886417
410929
125102
989288
996068
827132
149309
809192
790028
2207
662164
102713
350408
248250
813346
409119
859645
907769
823447
879959
664121
926224
738367
847958
633147
679529
109661
650124
101830
246439
332414
135870
529224
1314
869859
72715
739098
697340
805616
202804
995625
683645
69210
145256
887874
944022
96521
875185
679725
77647
797347
638965
875742
213345
511717
807209
634510
279474
209297
936251
581328
675244
156923
981586
643718
248510
941126
323077
398536
77261
203770
705351
183469
588665
64569
631602
907947
424167
921456
338080
137826
332811
763892
913539
191337
35589
346046
612991
900475
460080
931569
837281
146120
2903
51828
66461
439457
826716
31912
880930
248554
757333
391281
96893
19368
50999
482889
641412
65911
543117
601616
186385
489956
107854
548574
41294
91453
196170
482011
873214
382567
964893
444051
503752
16336
719735
503606
351732
714018
691724
446516
633652
856635
388580
791060
459054
223092
834017
916596
429694
229877
685208
513762
653404
410796
906382
631712
86140
152873
47544
675112
732168
297017
857667
747895
1361
235290
529422
730055
213505
242876
960866
662156
394770
206907
191466
13336
191226
323769
935654
416842
98552
127609
110724
725112
721389
642600
155111
188544
449485
156055
779423
489629
6473
65159
583666
640583
145509
968287
412879
849937
613607
106641
355579
717373
281556
529266
87041
770971
635006
568291
493856
46832
677184
461347
948397
439161
786682
556483
307555
978419
649735
636670
972870
264919
487236
120159
841732
541747
367341
951760
631798
804134
70722
623255
467567
579548
454293
463881
247182
393247
829369
812901
642709
79687
915181
622267
650725
218985
367748
696547
475932
459580
758954
687513
374476
863539
516885
5745
40984
47712
436469
423939
890637
890113
899000
517576
379671
60715
888607
568492
361640
745980
840396
492695
792137
553397
980882
602691
373853
384451
688187
956318
21574
370896
474704
54697
475142
95356
25866
540815
197277
595045
321281
800715
407011
790024
777606
894407
811766
486105
189441
440128
757753
884604
790736
290618
298907
36624
341238
721784
464581
174821
757041
844323
530192
723441
954578
789849
910361
916700
480649
531067
285258
326709
416928
71280
742085
691605
838682
192110
682750
647769
273775
215595
312183
905182
403673
956331
222357
247740
406202
34229
762579
11060
598063
154091
835592
990580
661320
199241
812227
216070
153870
982099
549486
480625
725031
860793
240514
630181
702351
478389
507610
343842
638076
735098
211953
575691
514008
895161
909066
450057
705906
314713
425303
128140
527345
885468
759047
315639
778577
767285
385421
733608
834509
576869
951094
586631
797517
228021
38743
78681
973562
77012
374161
279178
159325
215735
636185
891621
288041
818539
424583
690559
482645
371006
553760
83310
395525
433223
116047
122770
135717
426535
982354
432905
638812
112348
838941
766467
480080
870797
911900
597615
430257
512119
330509
889619
214408
823607
986024
292648
63093
657459
162998
534437
187726
403458
413853
298765
976568
480777
204024
370293
267121
804336
491486
376646
140324
317193
19709
829505
756288
14645
205705
719122
986089
684185
438458
352823
226534
236214
304594
815936
245045
573507
587179
652072
920088
27708
592642
103111
387736
740491
365795
479887
412862
725318
284089
910839
640010
168887
341153
528563
238684
10401
644730
67292
275757
730311
187453
802864
962862
591613
595827
991233
950549
89829
496657
570286
888989
708866
53452
557136
182410
802117
489944
369914
878791
526973
508917
883187
943804
530824
468729
172676
99661
7157
473561
636128
782730
212894
9347
591232
203425
352231
287836
502840
14042
799807
709860
754015
557514
101770
206646
954263
218090
650049
770205
81362
966976
631365
144846
500994
49090
751976
519578
943318
189710
81481
415361
82395
516942
373138
512018
838391
470475
269371
269627
692005
387545
235905
185010
410966
542572
96975
581571
385670
117311
690252
819517
170165
230494
636532
478823
677413
146032
701527
958407
689129
78613
164991
977750
229567
144239
828546
380215
937556
587914
486542
805585
322384
39881
219349
483000
537503
328715
718535
600355
765234
100461
460306
949108
299051
71968
704327
927895
928372
220835
359922
44819
957359
430418
201779
492399
985748
323189
412516
107414
58149
271932
215072
266473
361663
581850
377374
745791
582791
597082
446431
971562
352761
820108
170442
47349
247164
632149
704617
339311
937862
323218
133019
533115
633569
202842
106802
174133
329062
432809
863642
253965
880586
778457
913706
7386
790534
420215
247344
275209
829236
662754
289636
842637
74121
255320
535368
893524
539338
671743
120637
754539
34174
106056
152502
787241
67593
27827
906981
867144
696061
605681
393715
141255
904173
503504
915847
241900
999830
295423
324472
654509
107538
963185
7735
687445
177204
280999
523751
148987
693358
638318
395843
430038
205477
182539
747483
117602
706629
68769
308686
126912
159682
32932
578800
573009
505572
319917
723854
351013
484580
488479
664724
124614
133568
28355
872112
910331
647830
917034
804050
884980
421253
877249
315414
451202
755260
615618
67580
457497
296929
661519
524842
820857
200569
59359
332403
974411
900438
436572
871735
240577
744152
503286
236399
593991
994938
404561
449994
84480
907219
256229
292072
967580
409723
542531
893391
60081
409437
347016
101821
310142
241203
2786
857497
200212
959056
472881
867995
933072
208584
810009
252481
140931
474871
728505
925966
277997
200061
21090
188611
379102
399755
566904
544068
110248
459760
775654
490028
146827
832316
176828
54834
124027
339800
239628
365160
405659
639426
699290
816827
30006
171074
529189
26119
942549
717028
319773
668568
23113
433779
273841
655635
59145
939697
889293
968802
688836
374171
672029
599437
644996
347698
208934
891256
463665
828047
18977
545823
335153
551212
849384
379497
973022
574692
967676
982263
320779
109997
491436
552218
54596
551054
470676
811150
573092
505183
784758
185732
987131
244240
904453
352404
233822
813478
90988
633098
858669
256679
389791
357426
155899
324129
324161
350828
432371
47132
887813
759381
364784
958171
822708
367170
387349
373197
885450
556977
142331
324391
929764
279650
732344
283670
157424
86551
914496
754824
67336
101138
615780
76291
940512
976002
226709
857254
681881
584732
67804
786502
900945
999397
220053
510180
761767
286887
204423
32064
381824
542361
832701
330454
196963
466614
285825
783293
577620
581500
176427
84456
441677
761286
283076
163017
542722
149492
294173
740137
509021
212043
285711
500811
103387
77489
23828
420035
207178
693530
264238
311983
594257
745848
498063
554122
396669
10253
496137
941634
755929
477615
825062
373610
547744
776783
840561
486498
137098
708087
161255
387543
335868
532246
268915
335331
290586
52001
639501
266876
61746
605895
62002
852945
495143
277200
52002
851149
542726
963774
704547
388510
327669
733106
974353
995445
655719
561114
659343
286251
447671
784490
403818
739735
613989
8328
564496
212206
440380
678026
558725
622675
260023
72
137456
260240
766022
59158
283738
255893
286354
711900
291563
560580
214059
880179
597310
499933
734212
395635
518490
210843
578880
548409
179763
416600
657700
672117
764392
692979
65396
666887
277939
62660
416421
95775
674071
153624
379549
844301
175219
917663
202781
194839
367958
378241
748758
654593
70367
821668
661671
302367
379068
403236
141281
423568
351716
715836
312372
901472
69286
383079
477667
327452
688487
467883
279671
578126
842981
79028
512553
291519
472593
84268
67885
622996
96062
60265
491324
105337
101714
453607
870796
803403
754806
928196
788193
463943
112832
30120
742394
839636
531954
324927
628946
312467
896381
628715
167163
775312
63673
663146
415037
574838
276264
313536
983885
254072
763732
616297
86996
322868
779135
855416
212123
59051
64448
929886
350794
451519
872423
322358
871298
505963
718643
447960
764688
10987
445444
894390
568845
900563
173737
879133
958655
16937
364098
173701
652745
209054
920002
975182
830865
671889
279712
736765
546984
431035
347501
871589
324053
276419
498094
930626
414049
849454
322560
622504
447851
834064
481218
36823
540657
402386
238190
485605
