541326
418799
151182
409642
210817
440227
263872
503265
325876
96210
421773
104797
435237
166587
210828
336811
107733
773509
542161
512301
748957
683611
273433
244626
970153
286849
688663
320759
447458
370552
221119
829198
6959
941792
382999
122227
722642
588418
462660
430080
409080
770128
362329
324602
878354
684716
963867
296605
90847
593546
709060
278962
994453
678322
66146
77761
259813
409864
471446
10749
240898
82455
97353
551973
486943
620446
765149
451316
989416
29527
665029
217795
967655
597848
853609
483488
580837
508937
652567
315546
194187
986283
130793
577590
378609
558176
928603
81863
26693
939830
396788
428240
754233
939933
396990
634187
873063
279691
655524
190549
64231
234173
138556
740199
450387
625342
503834
986060
700155
35371
350337
673220
705001
163875
918081
228747
74761
274271
703328
454442
802446
805715
246656
963879
461140
571208
770923
762094
238694
240379
435061
460306
888559
322586
375211
879258
142760
105287
757907
606116
558721
402671
499077
508988
497268
935244
967194
630237
871111
281417
970000
450907
871796
980362
887183
513460
239328
703271
938093
159341
125608
954983
932366
561604
39132
267397
848920
214199
922069
235145
618647
393962
757176
683123
64248
624090
250957
635184
527950
680044
989662
609228
994152
787500
887746
301240
66741
971068
41217
539935
444152
90842
167652
649512
545227
947070
481103
21896
30632
322440
362607
12826
91908
132693
563842
975663
819078
186137
113032
379761
755793
534295
878070
693577
739151
787023
747749
260940
186004
539676
134703
102640
113129
600804
416544
462309
686374
230967
255045
899096
935554
273256
327694
607805
21421
429554
976839
358796
507051
282668
54037
781203
211120
475972
484582
81683
445229
386933
826912
216903
259650
628623
429480
982047
211820
680141
402863
683698
401309
704055
646595
686798
391233
360739
905502
307971
782124
299252
347715
325078
541059
711856
653932
967507
305472
194894
704483
163176
509797
672302
219474
684130
698519
50291
315714
336414
557524
630191
878902
447271
293358
213181
494769
977593
567021
959784
56877
592853
50736
443112
19988
970897
515166
117442
159556
653435
841130
669865
935164
1945
895946
7397
438851
470611
787604
511698
382908
336590
928836
796304
579096
658092
608257
374766
598944
158052
955085
532536
210146
911414
57376
91405
369691
806509
855343
953039
695706
575167
127771
634265
450391
352560
373179
652178
254908
658885
272811
341816
87239
25056
140464
73617
802364
264124
839153
357083
197264
102938
653640
424703
732562
156869
489378
934947
14100
696842
773213
32936
805496
36754
351106
598873
371785
442204
194993
18431
559906
442287
613503
997246
93192
773273
601693
379795
346706
253087
548064
57627
498263
855221
149811
358551
1929
553684
775429
835946
906687
925204
328193
871305
96647
386369
580331
271161
988082
161237
266432
852705
6446
878803
283220
824900
467968
738135
442122
639902
658553
785068
512686
882615
108266
509708
986903
818149
864596
649831
685723
859025
321224
449930
178311
786083
596390
708426
641094
778089
632668
538060
580890
958656
273903
721003
19996
580195
473001
284072
709600
604411
744083
829908
976393
331004
56469
637532
804116
975002
21718
987855
615141
776977
137501
623984
141854
566169
902844
129437
82257
698647
574946
473380
202888
19362
729333
924403
209715
411812
962793
871008
320232
685474
757072
935366
233122
273945
612076
292727
273753
984253
161978
737351
455153
403447
183424
880693
923960
641417
77563
987871
532489
239236
236633
681407
52436
582133
981586
179054
68388
338325
507046
531262
184913
745970
922721
588832
938305
662387
546646
375380
708037
173494
632553
777264
596325
156347
347421
663508
98256
57332
462568
288216
314489
549612
991155
207983
25535
690489
619930
603762
817044
476199
878685
554988
311401
678750
922068
244865
153025
509239
839599
831077
662824
792339
720314
674827
436972
574537
967470
359204
390417
326026
58793
708984
230138
855188
755231
1419
30992
215608
188185
193822
248578
203198
958892
27985
902311
3087
344376
40675
864237
299969
877470
781526
833494
592220
229827
153809
910871
890944
780858
509413
122697
474812
751487
965283
557909
498021
239374
795607
181551
847873
904218
529703
478226
940846
110897
570089
727200
516765
293857
221465
993805
728309
88319
703032
124384
799585
698640
337420
472716
292912
974675
78824
683657
542067
995987
858980
316926
987022
961641
915041
297014
82082
942776
776189
726767
797937
937028
663863
996314
818815
606247
448814
188050
269156
464724
973012
274365
759770
114237
527020
44171
436394
277318
872666
437923
223627
9628
300264
372568
181968
764481
9469
672448
922928
139792
199530
223911
814657
914011
926654
209875
438424
101598
792521
855636
114591
828883
365134
993873
8579
39923
614089
181397
732533
510505
602965
647194
811746
73627
782471
722763
570510
661660
905918
298362
214523
491286
948001
613152
617480
151355
690651
934866
380864
109937
487675
141696
658219
596422
832962
419215
94395
515710
936799
395340
618647
851504
333075
672721
813939
482753
712601
628494
875584
358692
349282
436885
269298
113871
218661
862471
958890
12819
379413
252005
245369
166160
585266
772559
934065
525887
115127
278045
869796
725887
439065
80955
895407
238805
995385
237623
350208
66189
144713
225759
498369
307895
864324
373726
106416
683341
43897
225858
645302
996492
769540
263185
16424
317007
152734
485569
119138
357980
596989
839022
379842
113036
577750
981442
529950
342555
264847
57192
811203
106925
273810
856608
276385
211465
112592
689647
247890
394109
887016
352471
809735
877681
423668
29119
596544
971791
60276
99564
991422
598815
170124
581213
275357
484305
118434
608285
343679
311541
700005
809945
141393
868799
770606
546388
652101
88425
703332
643155
973655
466468
442488
5369
995622
485121
477880
701427
226528
776208
65782
842878
647127
660825
134382
382035
808840
763215
248561
381
719788
262149
691610
964483
683185
175669
868167
90655
962242
150872
452572
29231
486096
300529
637708
458081
414761
445175
589592
487428
430648
262675
95688
717090
795057
232417
515587
781784
989435
985856
504781
120836
66980
158153
523127
223734
228600
229838
256387
697047
180263
168524
101692
31033
203807
789034
646310
859501
385297
719834
563812
633422
928680
983627
892216
66674
14576
338598
575454
44231
993318
32082
733510
804497
428272
925636
790784
682205
838343
127832
491583
161489
149225
328614
562422
761050
938522
45986
164281
416637
720332
34159
39811
771110
689516
550831
765489
942505
794698
206327
265325
348502
989652
605072
626149
607059
472561
644695
290882
872638
839357
405463
435655
399937
448520
822765
788080
378472
174715
351917
515589
323566
56863
39863
490907
885861
430511
790892
489525
280489
463288
379619
767062
29994
536734
609911
451526
653071
592626
76764
461805
598170
132990
46154
718604
540327
939042
477966
674250
134576
647610
12175
766219
578558
908075
430128
527826
711924
267171
875996
549729
667422
255268
476169
569654
633284
375343
