249844
936773
793502
730238
134892
770663
197281
759328
926521
952100
215587
175661
508895
500925
2018
462256
138782
277226
404571
390375
794834
189423
72279
491806
839196
994629
908570
562178
874361
830141
755534
595669
56114
945893
931435
814997
928785
249318
43776
72770
419846
600496
96888
685037
787859
337523
166839
671617
192755
599947
727178
365466
926899
420287
880769
572504
945743
864252
16331
501881
807093
738529
408565
884777
775911
845606
895878
368453
628854
781918
573776
210649
239031
259839
436783
615255
117970
973611
137717
135946
410771
442318
216022
789414
400938
411748
218301
503132
825727
640501
47166
794610
235143
359275
500362
100178
1206
120449
885212
591772
643587
217321
853737
216102
167655
219536
552092
517079
522836
75339
434015
379963
894210
165114
169753
202241
534762
601533
937592
686538
393976
5176
390393
316701
479182
69627
243584
281575
43460
889940
132065
313441
546088
579011
678262
166070
968376
831974
357443
715906
156476
72207
549207
676353
314763
958243
413954
825425
221543
460667
578484
284706
555533
745627
385760
191472
451876
802769
654917
575506
912569
282281
702089
869210
19990
184344
994131
213106
332912
167016
996854
113339
530623
754314
616853
905490
644388
456041
36955
351981
469631
990821
816526
316558
105967
909319
960308
849771
742776
830775
458189
31589
337359
24291
174599
892356
509467
832812
377443
462110
818533
825437
834113
389364
419291
836172
272125
521494
688921
647385
852723
741013
651723
620486
899907
810103
77528
542835
391582
785745
41035
735105
604176
415167
885289
64097
838695
281047
573052
111027
248922
926798
78175
313999
553087
671683
846614
518266
963032
16006
496082
796822
620925
714000
772113
228438
969384
249425
110484
88311
865474
423004
200306
445551
549501
875197
124051
378653
291591
699640
195697
394512
86252
935805
375305
59151
118135
578569
985028
127472
287770
41382
93845
703355
812551
36340
458013
760234
420403
595813
968338
179810
726148
81199
115583
140734
44599
613639
436680
548047
19069
414326
411829
792978
978230
188549
131615
675142
157906
927686
550921
856738
548464
248972
756995
888524
264746
598046
198906
115144
515321
266366
711730
167936
100711
183318
67497
565988
753448
421487
452507
167008
260117
808372
822862
307148
430989
397520
471126
446014
389484
746671
810987
756713
937053
354877
610069
798812
62816
805257
309803
242646
385392
842223
195315
351692
871638
392745
768095
375634
486120
913346
766477
274347
477312
215589
198117
904046
61899
499940
290169
174842
913979
233521
884778
551644
995698
499409
278909
542650
924164
456667
782562
464135
936503
724317
170195
898594
386659
350157
619103
58271
365093
256802
782061
216703
525377
676957
624385
841489
996398
938657
336397
485596
246126
843583
537035
316963
137981
829467
162036
896891
827626
392760
19219
619232
322638
514569
330514
316326
276248
751836
749682
680697
339445
229128
98509
872896
145608
470430
538157
949716
658525
453798
781647
172550
923790
195079
785587
193375
335823
465240
967773
239617
259125
490669
64699
525587
373545
724279
240052
894722
804957
145198
324430
309736
693129
587442
589464
524179
705030
79061
606060
585761
762063
394014
915324
98972
957312
149830
337738
837264
294400
508300
889272
695109
580751
311950
277621
894431
685841
993143
405542
777323
943434
724027
246919
781798
347243
253221
873571
291147
59169
832843
588616
444782
575429
444191
58023
403819
723805
163952
845833
225845
955891
981614
705853
773984
549606
359049
996917
671008
241771
521420
933551
575706
260073
632378
130616
516845
175760
259265
133907
624487
35340
524566
870125
591273
570345
524710
99690
343417
286231
374860
34115
873449
990057
482923
846856
75955
988528
68916
240377
570429
670560
582766
880428
525557
887762
484834
649875
796140
98863
96015
254654
603408
618013
984911
425429
309569
899438
855354
11973
821938
731343
997764
857934
540789
649232
739318
590621
908235
431582
183631
671356
240579
38900
657488
879603
114065
857247
620621
827785
897406
326626
628703
160480
871379
352673
727284
300232
378732
331277
596871
37225
789597
939629
672536
324563
599888
431136
828517
730883
963352
406656
582858
471772
448879
200383
874219
211079
949827
541139
344197
799792
395208
32148
137039
316201
187949
570194
668191
350528
89143
311983
417981
891874
357207
402274
431101
200065
596481
214801
138667
307036
686481
151591
662191
874405
889571
460250
276810
594386
872989
992229
594394
572083
456946
142148
239546
410164
347426
153499
331299
237030
743738
517277
173696
721417
799385
739629
621355
743893
992980
944142
525533
306051
291795
683676
712924
986597
764949
166411
771374
776749
310651
37454
789321
696167
34670
767026
50621
525190
70418
380887
850804
377589
707959
995685
727971
52139
385045
17699
577886
59396
886439
96460
946891
854946
387039
356535
160677
771279
132497
356184
353087
770225
418811
110954
712979
620501
237742
580998
712605
496284
405135
943235
246304
526474
188597
870961
6807
664193
969691
158350
392331
421973
121153
331235
108901
935129
355781
844335
156026
91420
60228
103847
352532
118877
458211
343723
228956
489327
863790
740905
510212
206836
624747
782946
691170
775077
351463
499852
726066
139607
695729
686345
642883
529063
784705
594342
147308
55170
771754
305882
278842
509534
84479
717561
984064
623753
456724
295698
261644
399942
382443
354917
225354
873615
217142
636779
562924
527071
790207
301969
823207
194254
88137
434115
172742
889461
483076
891338
502255
645103
459940
717003
665619
148888
966023
813567
953594
378376
407259
441012
19999
101742
384481
31213
465370
231914
470470
815202
956019
313949
672637
255220
882732
78699
11639
230123
524194
311155
859102
788227
279292
826754
98868
208631
59386
740365
984287
748679
564824
314997
196470
914803
881286
883156
901334
575248
138584
659426
795457
424862
818008
762041
224684
242995
801677
787716
729200
974450
739781
481415
442542
16699
502900
601876
9721
926860
916804
269186
303570
85529
115309
204811
662424
959790
583673
186556
815878
160951
970441
698359
501165
170127
896311
331670
739419
636803
75047
529059
137700
368508
505784
915103
264620
894925
405965
350456
320532
332713
624140
384950
981995
442557
544174
53596
467029
754160
619730
229729
845338
30899
643305
707357
479541
906165
673064
446445
65919
318086
978294
277459
728546
860142
516402
514095
164050
837669
99816
3151
390703
844730
264484
686093
651669
697924
214970
205475
285078
673204
705655
956938
41634
545959
888865
589700
155932
575883
818020
669896
727655
794072
940605
3186
33659
552145
862754
880988
602324
708770
973247
422676
257295
304583
432046
968457
367362
284670
229176
428562
703884
174324
747906
130737
966401
613004
581100
692422
710992
118529
566113
166336
357910
78506
186861
791009
18130
799557
739196
292081
759617
28318
898793
596705
700776
343034
6079
194809
376289
166354
204625
405853
71261
510843
635166
674549
894212
462643
769404
727341
672283
264310
174136
238734
562787
386474
594730
344297
194764
741695
704034
416816
690488
486251
136660
110775
12479
333780
868140
384325
469687
997045
197008
568096
430794
678509
804980
939722
374649
606706
604655
691310
787023
951241
630587
772019
378335
455008
545562
274571
684669
620676
632845
84992
606240
658881
52202
687433
378463
784656
904609
254214
339834
378007
98922
939845
47567
87531
179576
130358
720037
983569
589069
952268
386304
914890
960959
476613
944440
472895
636513
435430
871506
499623
30173
461160
757740
424084
546934
268624
459233
338454
679143
574684
476569
281896
932717
268276
750979
403744
303629
261672
898723
416908
601668
644840
144104
812214
315857
713049
952472
350108
969448
534012
491951
521738
633754
35193
908913
641412
393790
502802
637640
534335
791859
231900
578664
394463
976476
372019
506524
224185
743571
430520
466826
722321
270358
532608
637231
585654
485037
578009
339175
727003
598179
147511
501780
760055
539460
578298
404985
945271
26949
702366
846156
558919
484731
837342
327869
816447
336653
785768
920007
905811
116023
559860
943262
847988
230337
682423
145896
596349
135564
223911
641848
220281
686072
386150
296002
682681
744737
484201
57310
779702
119362
13010
289747
437027
468474
660015
861577
745042
611476
237348
541642
394950
82188
821974
961570
92921
757511
586433
508298
790691
334516
240339
598780
744361
598262
468704
636732
821940
772604
840552
569732
570115
813276
321183
434157
477938
755456
358525
155660
750815
112764
296966
20902
470504
677729
272191
104974
559407
812595
217821
863537
57289
51840
294348
499593
302140
406467
687677
30042
800717
822294
528759
97505
715006
656429
248019
589862
705434
781815
35126
938058
614483
297540
441825
855705
707140
674493
195214
467176
202855
653492
755100
961962
448754
852969
839537
344143
85694
370884
885266
809905
990940
673796
191499
484365
304727
742497
291058
818554
24547
553970
51821
450170
208102
769175
583648
254330
183403
871256
755228
845564
532585
475665
750435
751235
817268
976750
303956
384522
918037
854332
222738
943316
781690
839380
747996
562234
597003
311007
423957
337553
479603
34974
895019
304391
545123
964680
599033
312341
451248
406436
389416
169937
148433
890227
544226
406388
436137
341670
907993
688913
282924
89129
691052
834181
998581
170351
124621
425095
627587
470951
782692
617184
350973
135433
189614
90788
990510
284172
434080
665149
316740
497224
129366
119995
414701
235633
906424
848275
911877
301075
468508
586269
931981
540842
14511
389854
678647
926326
440600
44661
695933
495637
695199
836893
927078
605995
842198
205271
772699
357507
165919
915415
974026
360443
768600
579809
896370
772235
64866
978770
946781
335414
596255
443070
884993
634845
102970
769040
814104
158302
664509
640172
310493
50981
577570
153381
903587
635773
220709
113027
450206
116170
622948
35295
192682
13667
141926
95223
529804
486453
660725
914924
985023
63704
929545
81150
377491
639398
524752
848036
151468
999164
938956
217929
430039
184786
37503
447420
769897
82304
822853
939652
199298
384781
842427
817006
852067
388648
486123
428836
405302
42072
136984
479906
968587
599015
197836
144369
75574
155249
874132
753247
728788
116921
199189
892569
689850
453128
574988
57635
115617
16893
636629
826042
103989
185969
837312
574037
69396
114010
222948
226153
312748
717994
994789
935636
568294
109744
601723
807988
457771
247058
249339
735789
853174
358870
357523
695967
437048
596361
845641
215424
730545
525828
771397
868884
393034
734535
510744
817335
504889
357220
151982
447064
166725
955670
167725
790852
62627
680376
564065
230278
852257
718382
139775
647249
46214
463892
926314
578362
561477
13822
823805
890928
639821
907554
221122
723705
802826
105811
491921
877652
446808
607052
457853
380716
411690
40421
286886
741286
736532
908714
76271
955327
216987
150102
113722
990982
291444
400965
991700
101114
877644
333805
238153
382944
201137
422681
891765
246689
731604
586862
725264
790542
339087
50963
529842
830344
813460
5159
158356
657877
386102
213049
828487
309503
826106
29681
683959
105817
464436
331227
709845
93737
839621
743332
391820
854183
927717
890604
628461
390563
89512
332197
286970
87751
993724
643753
477952
950268
730319
918258
448206
614483
136764
202957
391247
416894
68288
82045
846152
478820
72034
504836
8712
628964
423268
256696
111005
803998
23177
816510
754721
705345
924071
497557
758144
846840
143950
307915
411947
235307
766696
720731
226864
918821
164129
574848
297263
875876
493614
485794
180517
565131
803868
78358
224044
866308
275707
681870
333629
212915
478598
978261
29317
386756
288023
269199
520620
591619
129808
906446
107885
81767
71216
19716
85071
227275
701339
187327
485281
48634
764198
883204
537098
616155
232501
162008
476658
941244
130943
756197
306249
173741
329707
537963
459035
357630
348934
968870
358464
197063
276461
343317
531994
926068
595611
908602
201921
101243
733369
168303
676714
454697
508064
560742
804832
534650
749551
808922
526981
847869
748937
160889
800399
221991
167579
406586
102027
360521
926425
421786
993413
129763
605407
707213
295633
454399
982503
781204
189987
460168
593523
170608
795708
656649
344075
227756
427356
965553
86825
214073
347943
654776
64360
718824
78477
353409
701990
450573
408792
483257
34503
459495
976151
978197
833552
516733
127448
181411
460661
75685
677112
629638
260384
388229
93132
434847
463862
359667
239560
598910
70119
399024
81601
540449
678217
385717
808733
795979
488371
9310
213096
561151
264494
906319
216470
887922
855842
693214
902103
867807
527691
789431
255219
952002
817723
615812
527132
369111
927465
836579
621013
480755
295443
778411
454535
351624
275041
521026
720562
708584
124098
536074
183168
677252
640787
387564
615724
77536
403236
362129
212599
727772
453426
150647
530138
390325
930381
266272
325466
419633
272261
794400
762779
810557
288057
120706
259750
531205
365484
431919
6872
799087
339167
6778
208733
167301
929135
839005
700600
654372
605899
220246
455677
10532
480681
867358
330296
610753
950419
749962
408705
420744
654365
135337
205086
623213
682922
804347
770418
855316
584316
23785
216809
61323
110369
553889
647410
763239
118977
796335
745144
183003
1670
449472
328360
685718
389251
789232
515771
823858
190142
355114
431979
183631
473145
409435
204463
599135
723137
565611
771483
201965
517818
663833
254755
677896
459927
455034
596046
757156
166630
704090
799015
427452
762692
903666
21986
933845
259810
702482
246310
232017
632659
451548
636414
783090
856315
129641
795307
740538
10944
511249
355581
737530
614268
962826
739912
928286
319504
639400
281500
822097
987823
4075
654954
576632
825002
915713
560472
617687
530509
346927
297730
195068
180641
639688
348738
987635
428308
216529
565237
122912
185817
420471
3457
741130
452533
728499
56597
554984
551690
271894
367495
34930
639320
330414
621646
988362
406968
691289
211303
60903
321968
479487
516636
399181
330418
586496
867488
294488
643219
68017
940007
478891
181202
416552
648190
379536
281535
343793
905666
970967
117035
255850
636374
919745
532686
731136
772255
364046
92880
497006
212879
843661
553363
663024
464392
493620
854846
25110
112981
981259
947829
542853
635797
334884
404301
883257
229325
417718
470839
751775
560409
285338
543139
712582
144142
788749
528726
149062
256924
219457
505496
295709
928287
936657
21918
659654
391008
853758
651855
865068
657528
890191
867332
879507
118253
372733
471837
739498
305972
339295
394994
477434
656889
398239
350544
726220
617554
4714
527397
938913
484136
751856
246223
950570
224358
722837
386962
565213
936481
734587
242719
270814
167168
482409
704595
327567
360531
97876
539343
842261
18083
333292
276482
659718
721722
3531
55369
732579
488035
728964
822759
564775
577112
560285
994026
664478
956235
195198
806163
181648
552036
429354
167177
135633
292567
607573
616158
9666
495539
908727
908442
963291
970719
479568
648614
679274
759021
466020
356620
918322
43071
106784
184783
397497
880804
415289
546452
899604
39676
112323
42511
610768
749897
294494
856572
604134
409016
370199
321987
669351
68349
116973
657957
429467
323471
632135
411889
799439
80272
883640
379111
330506
122132
557030
297303
356550
26601
481396
851034
86505
520224
44779
438456
333962
930749
55765
175151
499044
646851
961879
255521
420819
329448
263159
176670
578316
534379
736961
863849
534800
3059
876018
187799
653451
423470
379483
225574
541019
21883
197956
577195
792062
393734
804606
247322
714031
847359
247292
50715
886528
627246
1654
329916
163487
19734
54578
878076
835270
837151
808999
821625
284256
685926
460834
659838
571334
651665
635112
166293
896957
757425
74766
807723
640746
832523
883705
471805
772652
948474
36863
464120
128054
390931
810707
716548
666291
822670
924426
99828
456236
889846
956371
762503
162711
286713
116840
286067
481353
803755
601961
351341
609339
263246
191162
868786
665029
580688
562752
273352
235793
394074
412785
123995
894810
214536
199612
567629
128955
778927
423593
206555
336870
572208
747263
808747
631929
397483
848782
106653
792836
870557
753720
409527
282234
470838
83320
636557
76939
844207
184227
279820
966661
342759
146046
34444
926513
871053
832016
999875
606008
81541
136768
806262
901511
172091
804544
304340
863856
818366
268805
721221
852226
47680
77050
724013
322810
905660
501220
868007
626087
163717
418698
120965
562979
130286
222214
883911
618828
423813
421032
116819
323680
936320
90843
582692
232775
637659
599414
947519
172942
578489
137994
871591
440858
260556
804884
926278
66662
618186
937702
894144
390700
990143
388002
581250
910013
794731
945403
157202
423285
72479
526685
808967
828270
138552
949023
422862
381418
655767
876780
372682
314752
125260
322086
582563
77796
703522
621009
826475
826496
949066
121472
42155
776629
837761
735768
300534
778426
200666
694666
212907
512864
868834
954418
430623
181036
43255
735576
860599
757199
637527
434956
402704
816225
516391
435572
291174
993796
759237
112331
476965
251014
656801
935691
665288
578564
287978
508086
903539
716486
438227
141963
479323
542085
881336
666196
479023
387964
37472
569219
652560
197523
528045
711894
407932
958591
738901
566861
500740
683773
116244
393462
809838
539926
275815
476297
586502
962008
885968
297273
388717
734310
813932
682990
319659
557475
150278
602071
216987
522718
826936
435521
482893
210792
562463
525296
344187
987770
769945
95018
832458
331328
283589
538319
349632
16544
368620
385694
874452
884828
878940
684842
579571
533635
175861
640651
467392
308093
170205
910182
18658
388876
146031
760442
757772
792062
721046
705217
869739
241229
470061
121639
260223
800227
510726
338700
929714
832591
778717
553169
172285
857312
924976
764274
241058
280594
531414
717320
731578
330036
283835
518849
643352
752248
389766
645615
591860
603417
456472
929524
220576
510870
668827
177786
937289
750602
913999
896298
293239
460220
896886
747521
469764
79531
622264
970571
615558
802418
443764
909349
206788
646751
211351
78321
631483
377631
133138
187248
946973
271962
783509
961977
343213
418609
601743
335242
897134
593278
734729
846026
545277
259815
688433
482225
720604
729231
225751
832655
638965
727195
994589
664059
756628
420291
894775
387963
802914
647512
713239
111449
478866
386890
178462
382628
605755
221476
373246
991336
421032
15955
590216
223926
577808
622131
440394
651903
513408
667891
764320
672772
800103
38621
516422
54927
180816
370347
38750
820211
440922
748359
811094
530359
392227
657551
449368
152867
236532
483108
911760
292769
488502
537845
753835
770980
799775
999301
568627
225685
408730
906649
922328
876322
805101
533044
384017
295988
68613
936179
357268
104951
145040
365530
757383
729412
610072
29413
527442
260698
882063
362421
358437
183233
905821
354611
926346
2703
774693
196513
333464
145566
274298
918123
344372
667422
346323
980847
37058
639235
120822
342947
195390
80502
573400
247909
802924
799537
127993
92583
80595
972780
209717
881262
909984
170055
597285
834311
394635
247304
829898
168215
123672
149132
166150
54557
361034
90307
911724
779720
716745
519811
834081
501540
911303
238292
268979
769892
868249
741929
947904
755196
285841
537510
951053
375788
938936
828344
278350
622715
950480
354449
645680
914830
39744
50324
478323
39479
754103
583151
736003
206568
840011
373084
262301
929889
214668
572433
764588
241264
501350
347303
983376
37373
676709
903087
534824
423841
756275
689679
798615
50358
250303
874093
294629
220183
903172
491069
329096
908176
750244
348828
328466
784110
394047
836513
731996
432045
631000
129086
490865
653351
649942
682562
474371
22033
193670
437220
460131
929186
129597
984152
642598
902473
432485
474380
882601
356101
164459
248443
233522
821775
785572
103995
517466
649385
358378
493588
839838
84953
793552
143187
6160
518435
544290
273475
462940
160345
137695
348517
887494
260970
771738
761095
606741
357415
777330
392461
395946
817478
42048
795000
216945
839001
825766
441508
86421
337593
320717
436524
855999
512178
595127
263696
316058
309785
221006
421821
106799
293260
339536
701101
766466
954439
156729
970533
676458
103824
511998
719558
122555
972247
284897
871953
989030
673586
493877
307861
23559
342961
864467
115369
298574
406880
686154
40888
42760
878973
353308
725255
668049
176882
87849
117581
966475
544766
301601
206218
342826
56460
232203
732979
239408
89977
21009
420576
456360
782466
344888
873453
773013
641453
408417
549875
398747
275427
120494
134786
243426
858281
619082
633193
367732
688179
206475
556642
383251
452151
725570
1731
550713
624152
376195
412899
456807
124399
376916
746107
153720
1946
936582
550345
448424
10427
402162
731245
450137
581710
544576
609854
577037
271489
768730
935596
250297
17743
568682
9926
379732
988298
892945
930309
35955
331423
752337
690503
154818
704264
413893
668248
462967
605528
264615
634013
440486
517615
718057
66201
351160
715802
75964
799849
415731
352930
663596
583894
983114
749030
95741
788510
948859
208440
759962
925240
315974
446506
271637
262676
822120
629494
921705
962649
666338
812155
613160
410384
832301
862522
349197
710311
707442
249993
204255
910888
529043
172242
545477
779210
435291
684884
727072
501481
344566
935514
364277
599475
9339
448377
338096
910
905832
893345
170123
259292
58210
614902
198639
56097
562607
682972
671022
521654
565117
825282
969094
345654
250293
770124
160608
781229
584670
129028
379314
954997
384685
369471
988815
706791
433677
369938
689739
655822
680098
809245
66879
931413
770874
464638
661941
710347
490785
250612
711159
279310
425130
539338
861920
232056
172503
184473
948573
943157
848173
662943
396411
211418
943045
572416
287775
304729
947309
25708
657348
673580
943062
577080
142736
262702
651626
276988
445988
533641
575769
64847
694837
404947
322162
592163
421960
156686
375394
905670
498150
889025
565197
794169
775668
988854
949166
939670
92955
753119
569701
934879
597223
221876
389730
523664
288599
524383
235852
721815
567021
288138
822699
72770
744112
431077
981439
355500
288357
20280
563933
637915
550465
51993
52070
730288
915320
945777
868653
119712
358912
208414
564443
626137
852883
51676
127644
888610
900152
676381
693853
654470
634952
245146
376871
161533
684320
379373
909958
363288
29634
137209
441830
581839
602788
165467
887369
588292
360941
530552
442086
273266
885268
173931
947026
346348
345717
695190
574955
344736
646672
22742
321362
529300
173029
580640
582520
133111
323581
902573
505870
699145
290792
784859
779818
837316
896043
28838
782752
47863
563880
264834
210699
755812
567684
880465
833273
987585
19970
317356
359634
783792
703411
424172
418694
776505
994177
238422
190066
717435
208038
692357
307988
105926
87954
447755
907010
498840
158525
422515
324637
605808
816173
112168
989196
371353
105688
295601
946246
640990
208341
476057
665950
20839
896809
57310
559356
707711
420714
696029
630848
750225
298029
661094
51285
955019
347096
514751
32462
748289
147743
130885
305800
897058
349813
192744
936405
93027
958971
690933
972282
509270
666050
392877
935154
903091
192040
237124
744145
481495
219224
621432
865126
421022
521625
918274
711567
126769
868140
294985
600717
596195
630686
354250
325028
19952
28223
369120
288300
566343
342629
196981
364701
208161
815422
612473
568312
662830
281264
747324
421525
541030
45790
465935
99369
754778
318602
132506
789339
20051
49319
178735
17054
85474
825167
717200
48876
124187
877054
806689
306734
888582
720596
777554
463444
578774
399810
580695
504150
955756
833017
757982
718697
571256
678863
909539
41924
633495
145126
469569
768579
733110
335167
801400
201907
245836
519528
15474
515653
597529
396379
232672
133865
93110
160924
722583
840900
170276
523185
327525
671648
802570
976930
970615
85002
689331
819110
521012
821089
4709
970363
604584
653182
358740
245614
558255
36334
669578
76670
885894
236531
170870
939975
876812
885514
707003
658852
21851
580993
529062
236721
545756
869795
822680
704631
285131
294378
993910
5897
251961
676960
535964
864
461271
584362
572073
976887
894024
734156
568599
247959
930088
896560
349476
894000
232504
760137
194467
123937
772847
946278
785294
143512
318668
855094
192178
93767
230667
800191
800065
143128
434640
796633
124148
469306
565539
454565
622749
437605
468859
311186
389958
468185
971668
777355
797498
267992
942567
912325
874452
415160
441115
554571
646239
988024
346957
912848
557680
825182
850818
704321
446138
688657
228250
525809
38845
873207
101253
147848
780372
694036
377794
564857
521336
307068
363000
695921
146232
104264
836456
701043
445944
166910
744608
904620
113750
161537
35952
426641
654613
148115
352229
537009
440942
432842
353647
517198
640812
117368
900442
196208
23222
294912
543856
335338
312109
726801
381894
675655
328525
334279
415096
573687
804843
779935
452464
451297
490702
337800
489913
170846
540276
745435
936811
844528
495757
241064
472633
516125
270862
353873
185005
633931
336174
462157
32999
267274
730014
75159
62423
488720
19946
623280
938491
589655
831871
48093
493907
281282
498280
624796
760720
846974
237433
375031
775148
361638
796444
556495
822924
624135
607109
602187
130292
8365
244496
338230
892580
324365
9175
370323
222163
315000
63134
319223
47074
644677
476560
495111
676510
467915
191479
445382
450983
852949
591004
446819
847663
15136
569523
105859
268628
388433
775399
40508
574334
798603
926694
369729
65826
36080
977176
61526
725634
960641
86087
123289
556154
753430
160451
610371
468620
718194
302795
710177
838781
767948
383349
677333
611804
361129
247383
466980
720133
259031
611890
474638
980056
983285
677153
993610
681975
405314
630811
728178
719097
818545
311052
645853
824799
36570
397989
132606
448402
961748
997423
602562
977880
280629
240680
513478
330015
672620
839795
731160
446783
916296
815043
712879
992357
363118
796591
905419
551734
324930
390174
38058
571890
129300
314253
765730
300749
365783
269867
430571
252467
420738
792696
767309
262237
508091
184379
701579
742518
234038
513709
146647
656703
718188
425820
895497
87083
58624
526060
105929
242398
520884
643973
866557
932273
648264
365656
954054
215792
575535
774300
261648
908619
822241
580974
375242
573266
872966
886551
234715
619668
14362
355942
394869
852939
305413
846943
928258
349563
317069
72903
795963
167968
497408
923359
486404
249177
940085
621031
318727
944897
327752
8013
219420
93437
193528
508044
323168
773132
982045
587277
713701
332220
827851
927658
607172
128647
389908
796036
741682
533751
228803
267048
556095
445766
960499
984376
571522
400961
524474
263964
976418
448048
15146
469997
113862
513740
659926
716993
956301
794868
843096
370999
432526
147454
503572
517734
647420
214742
979185
414013
428093
952043
466698
138394
665448
356827
497713
897963
607676
81833
700853
486223
941599
922198
83072
504787
365311
959755
102558
301170
967439
135360
938563
573300
188741
87280
964652
825388
483374
299665
36372
462802
683214
517241
963792
311303
759556
517604
904322
420932
736738
80249
580876
449181
831080
473736
608327
823265
572718
864520
70391
826522
928835
471559
983032
842627
713591
691614
845973
840478
426744
653322
440583
732662
889681
73421
347751
792938
126195
137400
771607
67381
654228
649234
189944
916194
200173
230517
11626
684882
397028
310799
878801
172147
377831
254443
670221
552390
697949
125311
189740
725858
953029
343874
814408
984794
705925
644592
662306
703108
712142
930268
322722
422572
251725
438813
491370
86196
465359
185148
881879
649855
417176
879039
211782
404464
24637
383720
632338
202154
812264
283803
785208
525798
558611
916888
134390
399507
635361
878718
218487
728994
931960
126938
450684
252998
79542
455013
317108
827846
9357
989601
337359
866718
12874
789548
594990
160618
818920
186158
486499
162293
896728
647911
773135
647303
878796
30312
24381
252734
420449
580851
821209
937632
740433
913731
412462
529183
851033
27543
60540
273329
850625
470502
112236
865803
139971
293893
236717
780495
874772
769619
328849
624192
746711
982470
208871
177391
503908
919181
115573
937875
337838
444611
524403
136044
908981
113035
232915
650137
328139
93886
566253
850366
870963
16996
996614
68317
709648
266608
554720
959328
631291
349521
139704
490030
652703
215502
690687
722747
763240
269573
604439
833984
630389
929526
722004
647898
643222
590564
513498
708457
423952
569419
104692
822982
734925
954952
823390
600026
696238
74108
883242
758368
61089
25993
689022
8090
264810
486540
282338
46106
650295
617069
170594
41289
55128
554979
575940
278235
492002
599915
593448
38856
694795
463033
999657
106209
421999
142956
646533
761681
897934
237740
562640
68761
897217
271488
20101
644514
412630
874436
235856
670161
926329
397297
952764
389050
592576
951785
653726
862768
269073
236273
614482
482420
566080
884892
412822
345114
763886
551174
136854
714793
408990
435248
612273
661691
85902
154141
207028
92363
198173
231526
381216
260207
570165
797523
651565
794480
547233
684752
962195
115776
671179
683490
705130
932914
295887
752612
658482
178048
666013
501599
97087
174824
360697
770687
620288
316101
165481
97143
283569
669145
342295
42378
35778
45799
324569
924969
811407
417801
633984
853952
774698
431491
394315
328300
725762
268995
815881
244609
360534
763030
77653
905507
402305
24009
576183
262862
33935
555446
601916
987270
200506
836325
617076
723009
417882
211729
969536
652628
232104
226488
464351
539863
486474
381969
639444
97403
840548
4124
523605
250656
352281
80502
598333
135254
162548
781468
506407
274514
974147
29957
570144
593838
769791
24022
691907
719678
525588
75979
426171
876223
529744
329430
307150
705192
112755
525343
757345
849265
961417
108752
679393
49876
48520
500966
517755
679546
624572
367169
227657
703155
103335
412716
595177
446658
904263
601811
903984
558137
42846
520534
475275
177265
735992
121093
454324
863035
634503
617602
208564
360787
997341
865886
564227
54794
661860
571173
676136
394329
884152
36556
967427
33870
60784
479839
975323
704330
404606
629127
841367
78787
305491
382999
472617
210048
471209
475411
483414
381177
817782
616684
74059
383440
929869
753774
413556
166551
787973
973240
810697
282059
459720
606799
447724
816517
1298
663030
465392
58960
911103
918793
890795
394745
936194
503491
797371
921497
78348
926128
995418
873662
871103
130355
528655
238620
158886
687406
534344
815834
377718
416243
303053
126533
712413
490138
683851
23423
368461
746926
753297
458214
470681
681941
428143
115495
519484
638882
719645
994908
791521
448607
902497
646533
687167
815405
750555
345626
829364
395763
161533
73228
28239
705066
180175
394444
336421
465529
30160
92847
614247
892104
980426
974844
271127
544317
488683
921010
715424
620749
748259
154364
468622
234299
596446
797613
323072
213198
450584
169251
443389
736901
568247
961735
564245
137761
189132
743278
109776
603748
788192
61292
595820
370639
972186
81024
704785
132840
908194
931045
380314
2156
844764
546349
209116
351570
137503
586362
396596
900686
184375
702376
91876
88713
857054
873318
259810
51427
363788
482159
777768
95576
25962
787311
348055
483342
374615
298748
104968
918314
329081
633255
637847
667149
164394
635617
815192
312197
373758
769133
628951
70251
945122
549540
335554
140199
237814
924593
461138
838497
751899
584168
591493
84064
524038
317408
829495
359547
893863
145085
508289
864748
180035
942972
648567
452396
198381
743778
961695
939875
309102
864724
910327
262593
202296
725570
77683
41163
147422
361220
237051
444883
647192
201648
107492
405097
564662
632742
423795
226337
758465
848155
688736
986546
88834
220471
351676
6784
229334
785247
550243
837096
146591
422640
427510
118645
804359
894558
110571
255364
560202
797297
498679
45102
795042
371033
994528
591975
160463
155583
597807
540543
606391
973596
880807
154989
253976
358229
162728
93035
34078
471165
587622
724828
257600
959101
409857
332358
891483
651030
355402
77518
915181
263691
646027
27800
295420
473177
72162
729692
716470
979720
282323
501608
878735
600365
428978
953787
421264
386576
15258
904508
803712
707475
433857
855109
61981
199613
458836
551913
378040
566797
97729
607474
260772
998217
455285
271124
1869
115378
359103
85563
708451
791610
749691
168963
53712
226731
820763
492973
70126
77045
576209
912814
903737
640306
657181
444272
261603
115782
382737
246520
41716
402874
618940
144004
174957
6184
865434
765110
289036
565547
872070
388478
647210
383628
388209
673569
878179
753868
548538
414983
109710
452393
552769
679605
89201
67961
153710
541505
519004
336072
257736
239382
170912
82812
893518
769543
86014
586235
665279
4594
193093
604632
714979
160024
543666
673626
115010
335982
163395
580381
697279
781501
445474
953883
602274
40727
606756
427729
435822
394197
696896
503038
811781
185296
152936
789665
868973
532952
969935
871265
531300
818435
4454
245750
144467
313910
241917
302207
274609
744430
741647
71222
780685
704882
119231
818835
791873
273292
672926
262355
352011
418381
520768
418670
325410
371904
289342
146238
98517
775284
658380
842166
118616
901968
120990
560315
476132
600802
461078
483612
842451
832040
885023
22358
685863
220042
723006
777961
397791
618581
309271
639790
7322
959691
278739
286770
924722
469879
163684
935774
961155
739357
264876
548999
511576
59518
596424
474196
106979
110992
753588
783249
478421
623351
12030
273750
740293
151470
137726
412738
700855
666297
983448
47864
525922
154873
266883
175866
564828
200272
184824
545477
962110
305987
767288
637590
538501
584696
66375
653060
104660
678456
959465
280607
813547
120423
240360
916358
383647
397632
697667
187310
590347
94217
294679
435520
861286
710409
48394
985303
765375
52746
465993
308964
182737
582126
551911
389411
927372
163965
807281
582999
778851
725563
399538
887385
853059
321012
371379
857279
633703
647658
745788
695004
823501
682260
466396
729141
22238
191674
459607
371931
595850
818027
202065
7129
720503
328574
810502
765959
165793
507023
929113
69414
392403
205296
886456
631954
482879
189259
833123
616586
765664
932256
500078
809423
490727
107579
816653
843550
426429
520615
233851
320304
957045
637407
694710
2120
385140
851524
538961
762146
808554
231871
225774
836901
287722
971994
49771
136410
22610
736703
911618
973154
939104
461200
4877
969906
735640
237244
937039
654940
363331
58151
109735
622214
512632
227694
447524
833418
762449
760159
734629
164329
717080
684455
426554
422895
109129
179433
945461
390545
201028
571718
342547
112240
335114
752866
854781
877429
98761
298544
762776
275148
448113
903187
829900
51990
862507
578202
634285
955195
467351
380394
264123
536578
869516
458627
463121
563030
730649
922009
657205
47624
906320
864727
3417
458368
796642
849793
952566
100461
505261
370486
289026
556810
574318
89218
754390
558514
717272
411341
667722
217215
188956
295209
657367
983810
827935
912781
878892
557413
320650
60924
751770
888784
881795
713396
546752
244296
607651
955631
60255
620894
383814
714778
403167
437897
857369
987416
740263
726972
17478
538573
204223
196746
956602
757214
